0    0.246932
1    0.0244091
2    0.00220138
3    0.000873828
4    -0.000289294
5    -0.00103242
6    -0.000559932
7    -0.000721925
8    0.00152072
9    -0.000492535
10    -0.00083455
11    -0.00216224
12    0.000110485
13    0.000723035
14    0.00138116
15    0.0010936
16    -0.00109427
17    -0.000207217
18    0.000555388
19    -0.000832401
20    0.000810388
21    -0.000617434
22    -0.000534953
23    0.000187677
24    -0.000725625
25    -0.00100323
26    -0.000375056
27    -0.00192301
28    0.000194481
29    -0.000767773
