0    0.247947
1    0.0206942
2    0.00111199
3    0.000939924
4    0.000116926
5    -0.00076609
6    -0.000583607
7    -0.000261111
8    0.00129149
9    -0.00095622
10    -0.00101376
11    -0.00162681
12    -0.00064968
13    0.000767524
14    0.00164559
15    0.000997986
16    -0.0010844
17    -0.000501837
18    0.000440807
19    -0.000816948
20    0.000661272
21    -0.000346453
22    -0.000243955
23    1.85827e-05
24    -0.000704564
25    -0.000502041
26    0.000200616
27    -0.00173288
28    -0.000155428
29    -0.000132943
