0    0.223824
1    0.0537068
2    0.0130554
3    0.00327404
4    0.00111285
5    0.000761697
6    1.05153e-05
7    0.000162764
8    0.00123509
9    7.2302e-06
10    0.000269495
11    -0.000678369
12    -0.000646133
13    -7.3827e-05
14    0.000158443
15    -0.000639437
16    0.000399579
17    0.000448448
18    -0.001283
19    -0.000710669
20    -2.83014e-05
21    -0.000456153
22    0.000606314
23    0.00065857
24    0.00121757
25    0.000166173
26    -3.82585e-05
27    0.000904234
28    -0.000337248
29    -0.00143533
