0    0.248276
1    0.0191788
2    0.00105649
3    0.000648973
4    -8.56448e-06
5    -0.000846124
6    -0.000563632
7    -0.000221131
8    0.00129147
9    -0.00110625
10    -0.00110836
11    -0.00143134
12    -0.000668782
13    0.000993911
14    0.00158649
15    0.000788865
16    -0.00102894
17    -0.00051179
18    0.000350843
19    -0.000791473
20    0.000986773
21    -0.000486459
22    -0.000273935
23    -0.000131422
24    -0.000504445
25    -0.000236485
26    0.000146095
27    -0.00182737
28    0.000165654
29    -0.000546653
