0    0.246076
1    0.027139
2    0.00274121
3    0.000759262
4    -0.000623952
5    -0.000961514
6    -0.000509035
7    -0.000546583
8    0.00163605
9    -0.000557299
10    -0.00101489
11    -0.00220257
12    -9.98788e-05
13    0.000967093
14    0.00176968
15    0.0009164
16    -0.000465725
17    -7.32021e-05
18    -2.07328e-05
19    -0.0012285
20    0.000869993
21    -0.000217766
22    -0.000345336
23    -0.000112825
24    -0.000700506
25    -0.000482371
26    -0.000734354
27    -0.00125767
28    0.000309592
29    -0.000678231
