0    0.195962
1    0.0610249
2    0.019034
3    0.00679308
4    0.00320229
5    0.000991494
6    0.00075345
7    0.000612732
8    0.000872043
9    0.000233954
10    -0.000164124
11    -0.000412193
12    -0.000512925
13    0.000166442
14    0.000205733
15    0.000607755
16    -0.000463126
17    -0.000463846
18    -0.00151476
19    -2.25279e-05
20    0.00029682
21    2.87265e-05
22    0.000550802
23    0.000270027
24    0.00058939
25    0.000531341
26    -1.41604e-05
27    -6.2214e-05
28    -0.00159336
29    -0.00199421
