0    0.242994
1    0.0342412
2    0.00465343
3    0.00106163
4    -0.000736
5    -0.000749415
6    3.05277e-06
7    -0.000228696
8    0.0019339
9    -9.38288e-05
10    -0.000725626
11    -0.00134327
12    -0.000350735
13    0.000105914
14    0.0012485
15    0.000326645
16    -0.00150538
17    -0.000488627
18    -0.000746248
19    -0.00130393
20    -1.2545e-06
21    -0.000728977
22    0.000263664
23    0.000210247
24    6.68071e-05
25    -9.49656e-05
26    -0.000496804
27    -0.000180131
28    0.000602517
29    -0.000835464
