0    0.244816
1    0.0304288
2    0.00345097
3    0.000943373
4    -0.000389943
5    -0.00103325
6    -0.000240766
7    -0.000182596
8    0.00192002
9    -0.000113417
10    -0.000861045
11    -0.00169442
12    -2.17852e-05
13    0.000690755
14    0.0013333
15    0.000325611
16    -0.00111217
17    -0.000299593
18    -0.000361439
19    -0.00124344
20    0.000405044
21    -0.000572709
22    -0.000230191
23    0.000556715
24    -0.000246744
25    -0.00041434
26    -0.000406174
27    -0.00114965
28    0.000317476
29    -0.000514594
