0    0.234554
1    0.0459473
2    0.00842558
3    0.00183406
4    -0.000527429
5    -0.000768858
6    -6.0235e-05
7    0.000318379
8    0.00169084
9    -0.00019697
10    -2.83665e-05
11    -0.00142617
12    -0.00136759
13    -0.000248874
14    0.00090363
15    0.000222125
16    0.000344493
17    0.000893177
18    -0.000824777
19    -0.000522382
20    -0.00104015
21    -0.000663974
22    0.000542388
23    0.000691016
24    0.00103969
25    0.000775742
26    -0.000442221
27    0.000206538
28    -7.49511e-05
29    -0.000526495
