0    0.239954
1    0.0394667
2    0.00617487
3    0.00139719
4    -0.0011445
5    -0.00124611
6    -0.000297665
7    0.000404781
8    0.00198731
9    2.35519e-05
10    -1.4052e-05
11    -0.00111177
12    -0.000603322
13    -0.000204874
14    0.000723656
15    -0.000314093
16    -0.00108182
17    0.000140777
18    -0.00047093
19    -0.000874614
20    -0.00041213
21    -0.000599775
22    0.000522866
23    0.00029122
24    5.95686e-05
25    0.000592102
26    -0.00125197
27    -0.00139362
28    0.000395265
29    -0.000372554
