0    0.247511
1    0.0223637
2    0.00165597
3    0.000808438
4    2.08892e-05
5    -0.000672169
6    -0.000415184
7    -0.000677233
8    0.0013954
9    -0.000602289
10    -0.00122438
11    -0.001972
12    -0.000394857
13    0.000937788
14    0.00144584
15    0.00107278
16    -0.00123961
17    -0.000427007
18    0.000511131
19    -0.000891156
20    0.000667121
21    -0.000280596
22    -0.000168099
23    4.41403e-06
24    -0.000803304
25    -0.000705314
26    -0.000127197
27    -0.00161062
28    -0.00038782
29    -0.000349839
