0    0.105729
1    0.0458907
2    0.0196905
3    0.0088202
4    0.00452998
5    0.00265978
6    0.00166081
7    0.00129186
8    0.000801685
9    0.000231497
10    0.000251357
11    0.000451237
12    0.000371088
13    0.000720993
14    0.000870876
15    0.000760724
16    0.000610563
17    0.000330377
18    -0.000199859
19    -0.000660093
20    -0.000420196
21    -0.000379134
22    -0.000269258
23    -0.000269406
24    -1.94927e-05
25    0.000160408
26    5.02362e-05
27    -7.99429e-05
28    0.000159979
29    9.79268e-06
