# T    Energy
0.5   -2   3.13542e-05
0.55   -2   5.49886e-05
0.6   -1.99999   0.000107177
0.65   -1.99996   0.000172402
0.7   -1.99991   0.000268679
0.75   -1.95444   0.00113012
0.8   -1.99964   0.000533093
0.85   -1.99932   0.000745591
0.9   -1.99885   0.00097278
0.95   -1.99818   0.00123082
1   -1.91417   0.00189073
1.05   -1.99581   0.0018648
1.1   -1.94082   0.00279349
1.15   -1.99162   0.00264751
1.2   -1.93336   0.00356589
1.25   -1.98487   0.00359117
1.3   -1.92263   0.00464285
1.35   -1.97477   0.00473246
1.4   -1.96818   0.00525524
1.45   -1.96031   0.00593448
1.5   -1.95108   0.00660646
1.55   -1.94044   0.0073293
1.6   -1.92831   0.00814216
1.65   -1.91398   0.00908134
1.7   -1.89814   0.00994897
1.75   -1.81161   0.011292
1.8   -1.85931   0.0117178
1.85   -1.83606   0.0128524
1.9   -1.80946   0.0143175
1.95   -1.77941   0.0159799
2   -1.74591   0.0167945
2.05   -1.63505   0.0186712
2.1   -1.66093   0.0211745
2.15   -1.61053   0.0232153
2.2   -1.54765   0.0255156
2.25   -1.46856   0.0294845
2.3   -1.3332   0.0278348
2.35   -1.26133   0.0259323
2.4   -1.20363   0.025093
2.45   -1.15087   0.0249152
2.5   -1.10556   0.0236017
2.55   -1.06532   0.022707
2.6   -1.02682   0.0217959
2.65   -0.995088   0.0211059
2.7   -0.964468   0.0210121
2.75   -0.934507   0.0203637
2.8   -0.908144   0.0204068
2.85   -0.882115   0.0194745
2.9   -0.859864   0.0193197
2.95   -0.838437   0.0190836
3   -0.817205   0.0189043
3.05   -0.797349   0.0186811
3.1   -0.779886   0.0186262
3.15   -0.761528   0.018443
3.2   -0.745185   0.0181914
3.25   -0.728767   0.0179895
3.3   -0.714221   0.0178517
3.35   -0.699883   0.0181211
3.4   -0.685961   0.0179288
3.45   -0.6728   0.0177277
3.5   -0.660161   0.0173954
3.55   -0.647786   0.0171193
3.6   -0.636677   0.0170348
3.65   -0.625386   0.0170536
3.7   -0.614517   0.0172039
3.75   -0.60426   0.01683
3.8   -0.593925   0.0167202
3.85   -0.584349   0.0166607
3.9   -0.574795   0.0168114
3.95   -0.565822   0.0166744
4   -0.557362   0.0165672
4.05   -0.548732   0.0164043
4.1   -0.540892   0.0165458
4.15   -0.532883   0.0164637
4.2   -0.524903   0.0161361
4.25   -0.517805   0.0160397
4.3   -0.510469   0.0164573
4.35   -0.503663   0.016168
4.4   -0.496764   0.0159666
4.45   -0.490204   0.0160229
4.5   -0.483972   0.0157563
4.55   -0.477759   0.0158661
4.6   -0.471485   0.0159891
4.65   -0.46527   0.0157927
4.7   -0.46001   0.0159205
4.75   -0.454315   0.0156056
4.8   -0.448578   0.0155454
4.85   -0.44353   0.0156417
4.9   -0.438014   0.0158821
4.95   -0.433093   0.0156997
5   -0.42794   0.0153374
5.05   -0.423187   0.0156557
5.1   -0.418604   0.0155997
5.15   -0.413941   0.015652
5.2   -0.409394   0.0154027
5.25   -0.405117   0.0153872
5.3   -0.40122   0.0153652
5.35   -0.39656   0.0155002
5.4   -0.392709   0.0155076
5.45   -0.388573   0.0153842
5.5   -0.384787   0.0152787
5.55   -0.380578   0.0153076
5.6   -0.377143   0.0153496
5.65   -0.372997   0.0154743
5.7   -0.369761   0.0155814
5.75   -0.366158   0.0149934
5.8   -0.362412   0.0153409
5.85   -0.35917   0.0153917
5.9   -0.355979   0.015291
5.95   -0.352357   0.015168
6   -0.349656   0.0150007
6.05   -0.346247   0.0151362
6.1   -0.343389   0.0151488
6.15   -0.339862   0.0149346
6.2   -0.33699   0.0151828
6.25   -0.334309   0.0149739
6.3   -0.331431   0.0150654
6.35   -0.328139   0.01521
6.4   -0.325405   0.0150375
6.45   -0.323025   0.0150924
6.5   -0.320382   0.0148938
6.55   -0.317339   0.0150128
6.6   -0.315123   0.0151553
6.65   -0.312365   0.0149579
6.7   -0.309896   0.0149842
6.75   -0.307446   0.0148171
6.8   -0.304784   0.0149217
6.85   -0.302548   0.0149885
6.9   -0.300386   0.0149557
6.95   -0.298092   0.0148865
7   -0.295367   0.0147589
7.05   -0.293498   0.0148532
7.1   -0.291229   0.0147356
7.15   -0.289104   0.0147889
7.2   -0.286585   0.0148723
7.25   -0.284749   0.0148049
7.3   -0.282878   0.0148127
7.35   -0.280527   0.0147094
7.4   -0.278735   0.0148453
7.45   -0.277011   0.0147804
7.5   -0.274635   0.0147718
7.55   -0.272718   0.0148864
7.6   -0.27071   0.014728
7.65   -0.269097   0.0146788
7.7   -0.26747   0.0147844
7.75   -0.265356   0.0148576
7.8   -0.263582   0.014748
7.85   -0.261814   0.014747
7.9   -0.260041   0.0146251
7.95   -0.258268   0.0146618
8   -0.256641   0.0147965
