# T    M
0.5   -1   7.84305e-06
0.55   0.999999   1.37497e-05
0.6   -0.999996   2.67956e-05
0.65   0.999991   4.31828e-05
0.7   -0.999977   6.81234e-05
0.75   0.674704   0.0955048
0.8   0.999909   0.000134776
0.85   -0.999829   0.000189037
0.9   0.999709   0.000249338
0.95   -0.999536   0.00031662
1   -0.0256671   0.0811113
1.05   -0.998926   0.000487772
1.1   0.443023   0.0977044
1.15   -0.997829   0.000706425
1.2   -0.011628   0.0564152
1.25   0.996023   0.000985456
1.3   0.285947   0.0516093
1.35   0.993266   0.00133888
1.4   -0.991414   0.00151431
1.45   0.989167   0.00175245
1.5   0.986489   0.00201109
1.55   0.983318   0.00227198
1.6   -0.979663   0.00260542
1.65   0.975144   0.00306306
1.7   -0.970046   0.00346016
1.75   -0.0474003   0.264218
1.8   0.956921   0.00438785
1.85   0.948417   0.00516088
1.9   0.938208   0.00639064
1.95   -0.92619   0.00738042
2   0.911531   0.00861618
2.05   -0.0589846   0.0766495
2.1   0.867592   0.0150397
2.15   -0.83629   0.0198416
2.2   0.788928   0.0286529
2.25   0.696588   0.0615004
2.3   -0.113327   0.113543
2.35   -0.0311282   0.142547
2.4   -0.0612638   0.107477
2.45   -0.0034545   0.105371
2.5   0.0158878   0.0787018
2.55   0.00037532   0.0606031
2.6   -0.00236568   0.0566141
2.65   0.00342418   0.0537441
2.7   0.00038422   0.0509172
2.75   0.0008512   0.0422192
2.8   -0.00277478   0.0420378
2.85   -0.0015744   0.0393632
2.9   0.00016482   0.0364383
2.95   -0.00012394   0.0368881
3   -0.00288034   0.0329882
3.05   -0.00042906   0.0312505
3.1   3.608e-05   0.0314376
3.15   9.34e-05   0.0303585
3.2   -0.00056266   0.0291238
3.25   -0.00122492   0.0275763
3.3   -0.00164138   0.0277616
3.35   -0.00144372   0.0270469
3.4   -0.00022   0.026465
3.45   -0.00056826   0.0252149
3.5   -0.00130284   0.024519
3.55   0.00028214   0.0239503
3.6   -0.00042246   0.0238066
3.65   -0.00057516   0.0227698
3.7   0.0006577   0.0228839
3.75   -7.378e-05   0.0233645
3.8   0.00048006   0.0216444
3.85   -0.00057898   0.0214405
3.9   -8.178e-05   0.0214094
3.95   -0.00013414   0.0211477
4   -0.00047976   0.0205031
4.05   -0.00103292   0.0204898
4.1   -0.00040608   0.019951
4.15   0.00052018   0.0199854
4.2   -8.56e-06   0.0192786
4.25   0.00011068   0.019498
4.3   -0.00057544   0.0192997
4.35   -0.00036624   0.0191796
4.4   0.00028976   0.0183719
4.45   0.00036162   0.0185885
4.5   -0.00031416   0.0183329
4.55   -6.892e-05   0.0178611
4.6   0.00042574   0.0183277
4.65   6.93e-05   0.0177065
4.7   0.00024576   0.0176484
4.75   0.00059232   0.0172896
4.8   -0.00023962   0.0172911
4.85   -0.0002113   0.0171811
4.9   -0.00042014   0.0168558
4.95   -0.00022424   0.0171334
5   0.0002962   0.0168925
5.05   -0.0002052   0.0168824
5.1   -1.058e-05   0.0167154
5.15   0.00018814   0.0166328
5.2   0.00067772   0.016418
5.25   3.804e-05   0.0164058
5.3   0.00011792   0.0161887
5.35   0.00041856   0.0160476
5.4   -0.00078634   0.016071
5.45   5.178e-05   0.0158597
5.5   -0.00032474   0.0161561
5.55   0.00011592   0.0156425
5.6   1.722e-05   0.0157006
5.65   0.00022432   0.0156698
5.7   -8.484e-05   0.0156405
5.75   -0.00039828   0.0155833
5.8   0.00033962   0.0151279
5.85   0.00027106   0.0151664
5.9   0.00017194   0.0155974
5.95   -3.97e-05   0.0153103
6   0.00026808   0.015144
6.05   0.00044536   0.0149459
6.1   -8.378e-05   0.0150662
6.15   9.718e-05   0.0148344
6.2   -8.908e-05   0.0151605
6.25   0.00035898   0.0148908
6.3   0.0003038   0.0148792
6.35   8.718e-05   0.0145053
6.4   -0.00030444   0.0145919
6.45   -0.00013406   0.0142897
6.5   1.6e-05   0.0144685
6.55   -9.546e-05   0.014296
6.6   0.00018978   0.0145566
6.65   -0.00012966   0.0144747
6.7   7.582e-05   0.0142961
6.75   0.0001272   0.014156
6.8   0.00023736   0.0142531
6.85   1.78e-06   0.0141751
6.9   0.00032394   0.0140276
6.95   -0.00016592   0.0141936
7   0.00029632   0.0140871
7.05   0.00031482   0.0139394
7.1   -0.00022748   0.0140426
7.15   -5.344e-05   0.0139218
7.2   -0.0004284   0.0140049
7.25   0.00021094   0.0138861
7.3   -9.06e-05   0.0138773
7.35   0.00012416   0.013533
7.4   -0.00020282   0.0138994
7.45   0.00056632   0.0136974
7.5   -1.994e-05   0.0137844
7.55   -6.996e-05   0.0136853
7.6   -0.00010926   0.0135281
7.65   1.618e-05   0.013464
7.7   3.674e-05   0.0136392
7.75   0.00016158   0.0134127
7.8   4.004e-05   0.0132849
7.85   4.172e-05   0.0134764
7.9   -0.00014488   0.0133092
7.95   -0.00015442   0.0135776
8   -0.00027186   0.0134922
