# T    Cv
0.5   1.57947e-07   5.86256e-08
0.55   1.04439e-07   5.4485e-08
0.6   6.68014e-05   8.9282e-07
0.65   7.31249e-07   1.19888e-07
0.7   1.86951e-06   1.88724e-07
0.75   2.81424e-06   2.16685e-07
0.8   5.28995e-06   2.83477e-07
0.85   7.92717e-06   3.24014e-07
0.9   1.29457e-05   4.90811e-07
0.95   1.88044e-05   5.27639e-07
1   2.57694e-05   6.05537e-07
1.05   3.50708e-05   7.04387e-07
1.1   4.55013e-05   8.71923e-07
1.15   5.84926e-05   8.56568e-07
1.2   7.48311e-05   1.33182e-06
1.25   9.30781e-05   1.58866e-06
1.3   0.000113076   1.54359e-06
1.35   0.000133658   1.9648e-06
1.4   0.000162148   2.33938e-06
1.45   0.000189218   2.94182e-06
1.5   0.000222443   3.36015e-06
1.55   0.000264125   3.92059e-06
1.6   0.000294724   4.32464e-06
1.65   0.000337974   4.7603e-06
1.7   0.000379288   5.49773e-06
1.75   0.000443802   6.15e-06
1.8   0.0004641   6.5742e-06
1.85   0.000536807   7.8433e-06
1.9   0.000619013   8.72936e-06
1.95   0.000727238   9.44857e-06
2   0.000821612   1.1695e-05
2.05   0.000959184   1.30484e-05
2.1   0.00102422   1.44488e-05
2.15   0.0013771   2.06113e-05
2.2   0.00152184   1.92674e-05
2.25   0.00212655   2.66163e-05
2.3   0.00201088   2.9038e-05
2.35   0.00196438   2.70635e-05
2.4   0.00151883   2.61622e-05
2.45   0.0011105   1.65873e-05
2.5   0.000922506   1.49145e-05
2.55   0.000912818   1.2497e-05
2.6   0.000781523   1.10358e-05
2.65   0.000713288   9.5068e-06
2.7   0.000673221   9.3752e-06
2.75   0.000644792   9.84712e-06
2.8   0.000552539   8.51469e-06
2.85   0.000535789   7.96667e-06
2.9   0.000490918   7.12819e-06
2.95   0.000486424   7.07929e-06
3   0.000434366   5.94814e-06
3.05   0.000427594   5.90959e-06
3.1   0.00040773   5.60082e-06
3.15   0.000380695   5.07302e-06
3.2   0.000353646   4.75419e-06
3.25   0.000336133   4.61142e-06
3.3   0.00032164   4.53207e-06
3.35   0.000318114   4.37426e-06
3.4   0.000299748   4.16714e-06
3.45   0.000295012   4.11199e-06
3.5   0.000275964   3.54727e-06
3.55   0.000263009   3.63129e-06
3.6   0.000244024   3.63287e-06
3.65   0.000249919   3.34987e-06
3.7   0.000232116   3.50367e-06
3.75   0.00022976   3.35207e-06
3.8   0.000221383   3.26388e-06
3.85   0.000205553   2.92879e-06
3.9   0.00020119   2.85546e-06
3.95   0.000195268   2.99291e-06
4   0.000186169   2.51106e-06
4.05   0.000191593   2.78154e-06
4.1   0.000179815   2.51037e-06
4.15   0.000172059   2.47352e-06
4.2   0.000167825   2.40202e-06
4.25   0.00016165   2.47152e-06
4.3   0.000158029   2.18242e-06
4.35   0.000150292   2.17663e-06
4.4   0.000144905   2.00494e-06
4.45   0.000141699   1.9269e-06
4.5   0.000138949   1.92594e-06
4.55   0.00013616   1.70115e-06
4.6   0.000131469   1.98076e-06
4.65   0.000125356   1.51087e-06
4.7   0.000124836   1.72051e-06
4.75   0.000121896   1.51214e-06
4.8   0.000122175   1.76475e-06
4.85   0.000118798   1.57424e-06
4.9   0.000117318   1.54926e-06
4.95   0.000112769   1.40074e-06
5   0.000108242   1.46693e-06
5.05   0.00010488   1.53635e-06
5.1   0.000103706   1.40888e-06
5.15   0.000100409   1.33613e-06
5.2   9.82035e-05   1.55555e-06
5.25   9.55761e-05   1.48427e-06
5.3   9.53014e-05   1.31583e-06
5.35   9.29842e-05   1.35418e-06
5.4   9.08624e-05   1.3288e-06
5.45   8.84698e-05   1.26628e-06
5.5   8.5769e-05   1.17602e-06
5.55   8.4553e-05   1.24477e-06
5.6   8.53001e-05   1.15368e-06
5.65   8.04375e-05   1.1494e-06
5.7   7.98844e-05   1.1638e-06
5.75   7.88305e-05   1.01516e-06
5.8   7.54573e-05   1.01745e-06
5.85   7.54207e-05   1.03839e-06
5.9   7.23544e-05   1.01903e-06
5.95   7.27815e-05   1.04635e-06
6   7.19006e-05   1.02009e-06
6.05   6.91173e-05   9.74148e-07
6.1   6.91002e-05   8.72827e-07
6.15   6.71468e-05   8.69677e-07
6.2   6.69511e-05   1.01003e-06
6.25   6.46533e-05   9.1356e-07
6.3   6.55832e-05   8.61427e-07
6.35   6.22479e-05   8.86505e-07
6.4   6.24742e-05   8.13687e-07
6.45   6.08804e-05   9.07806e-07
6.5   6.03068e-05   8.9327e-07
6.55   5.89844e-05   7.46653e-07
6.6   5.70969e-05   8.17361e-07
6.65   5.59913e-05   8.07682e-07
6.7   5.47478e-05   6.71436e-07
6.75   5.47876e-05   7.90738e-07
6.8   5.36145e-05   8.22885e-07
6.85   5.27165e-05   7.1176e-07
6.9   5.12216e-05   7.50812e-07
6.95   5.08934e-05   6.52991e-07
7   5.01825e-05   7.70918e-07
7.05   4.98444e-05   7.10752e-07
7.1   4.93265e-05   6.33367e-07
7.15   4.77257e-05   6.98379e-07
7.2   4.69131e-05   6.93353e-07
7.25   4.6567e-05   7.07042e-07
7.3   4.53838e-05   6.04079e-07
7.35   4.55013e-05   6.20195e-07
7.4   4.44248e-05   5.92044e-07
7.45   4.36534e-05   7.04189e-07
7.5   4.25268e-05   5.74388e-07
7.55   4.2112e-05   6.1159e-07
7.6   4.16842e-05   5.79024e-07
7.65   4.07011e-05   6.25602e-07
7.7   4.18781e-05   6.49857e-07
7.75   3.95723e-05   5.58344e-07
7.8   4.10951e-05   6.06807e-07
7.85   3.91154e-05   5.98614e-07
7.9   3.84881e-05   5.05079e-07
7.95   3.74705e-05   5.03737e-07
8   3.78582e-05   5.64468e-07
