# T    Cv
0.5   -1.79696e-11   1.0842e-18
0.55   -1.48509e-11   8.11343e-19
0.6   1.37573e-09   5.82196e-10
0.65   7.06874e-09   1.30359e-09
0.7   1.136e-08   1.64451e-09
0.75   3.16003e-08   2.2979e-09
0.8   4.84917e-08   2.75883e-09
0.85   1.10356e-07   4.17931e-09
0.9   1.87603e-07   5.77185e-09
0.95   2.97212e-07   7.48402e-09
1   4.53537e-07   8.97931e-09
1.05   6.98354e-07   1.16795e-08
1.1   9.42616e-07   1.6916e-08
1.15   1.25755e-06   2.05832e-08
1.2   1.73532e-06   2.80126e-08
1.25   2.25701e-06   3.49301e-08
1.3   2.80595e-06   4.30735e-08
1.35   3.44675e-06   5.28161e-08
1.4   4.24085e-06   6.20588e-08
1.45   5.17503e-06   6.90438e-08
1.5   5.99928e-06   8.76399e-08
1.55   7.15352e-06   9.83446e-08
1.6   8.26078e-06   1.29354e-07
1.65   9.80206e-06   1.33218e-07
1.7   1.12712e-05   1.56851e-07
1.75   1.27592e-05   1.8128e-07
1.8   1.3892e-05   1.88147e-07
1.85   1.57792e-05   2.11301e-07
1.9   1.71947e-05   2.21995e-07
1.95   1.84559e-05   2.67464e-07
2   2.05888e-05   3.08209e-07
2.05   2.27054e-05   3.68553e-07
2.1   2.52051e-05   3.51179e-07
2.15   2.61016e-05   3.55521e-07
2.2   2.91683e-05   4.51354e-07
2.25   3.1358e-05   4.29943e-07
2.3   3.33844e-05   5.29727e-07
2.35   3.5141e-05   4.97279e-07
2.4   3.74234e-05   4.83008e-07
2.45   4.00448e-05   6.01811e-07
2.5   4.16427e-05   6.63582e-07
2.55   4.27572e-05   5.3448e-07
2.6   4.58381e-05   6.43793e-07
2.65   4.82945e-05   7.26456e-07
2.7   5.29667e-05   6.89928e-07
2.75   5.23664e-05   6.53061e-07
2.8   5.3877e-05   7.55028e-07
2.85   5.64174e-05   7.15851e-07
2.9   5.94224e-05   7.6026e-07
2.95   6.31636e-05   8.22665e-07
3   6.17348e-05   8.044e-07
3.05   6.361e-05   9.18698e-07
3.1   6.66618e-05   9.79741e-07
3.15   6.60737e-05   9.78834e-07
3.2   6.92188e-05   1.05859e-06
3.25   7.00747e-05   1.04269e-06
3.3   7.15896e-05   9.47427e-07
3.35   7.09082e-05   1.00868e-06
3.4   7.21794e-05   1.04962e-06
3.45   7.19185e-05   9.78982e-07
3.5   7.51314e-05   1.11813e-06
3.55   7.62454e-05   8.98139e-07
3.6   7.25491e-05   1.12772e-06
3.65   7.60185e-05   1.13515e-06
3.7   7.289e-05   1.13428e-06
3.75   7.3324e-05   9.23997e-07
3.8   7.27152e-05   1.00677e-06
3.85   7.14676e-05   1.00604e-06
3.9   7.18561e-05   9.79955e-07
3.95   7.14566e-05   9.93977e-07
4   6.80384e-05   9.37809e-07
4.05   6.75777e-05   9.07243e-07
4.1   6.91398e-05   9.03418e-07
4.15   6.67337e-05   1.00253e-06
4.2   6.34628e-05   8.72855e-07
4.25   6.31072e-05   9.3228e-07
4.3   6.25102e-05   9.01544e-07
4.35   6.05407e-05   8.52496e-07
4.4   6.15038e-05   9.12487e-07
4.45   6.08282e-05   9.9666e-07
4.5   5.7456e-05   8.55624e-07
4.55   5.57787e-05   8.10954e-07
4.6   5.56253e-05   8.00604e-07
4.65   5.39538e-05   7.5476e-07
4.7   5.38933e-05   7.30631e-07
4.75   5.01954e-05   7.65616e-07
4.8   5.15204e-05   7.3549e-07
4.85   4.94639e-05   7.17408e-07
4.9   4.78076e-05   7.29451e-07
4.95   4.52112e-05   5.82866e-07
5   4.49125e-05   7.42519e-07
5.05   4.27267e-05   5.66871e-07
5.1   4.20207e-05   5.72406e-07
5.15   4.12626e-05   5.795e-07
5.2   4.17873e-05   5.95406e-07
5.25   3.79718e-05   5.52516e-07
5.3   3.74924e-05   4.80634e-07
5.35   3.73403e-05   5.55263e-07
5.4   3.48461e-05   5.15671e-07
5.45   3.49894e-05   5.41769e-07
5.5   3.35727e-05   3.82294e-07
5.55   3.23967e-05   4.27122e-07
5.6   3.11247e-05   4.31372e-07
5.65   3.06595e-05   4.20724e-07
5.7   3.03423e-05   4.22305e-07
5.75   2.96536e-05   4.09759e-07
5.8   2.95126e-05   4.21931e-07
5.85   2.84143e-05   3.9114e-07
5.9   2.73927e-05   3.98439e-07
5.95   2.58629e-05   4.17034e-07
6   2.60886e-05   3.5901e-07
6.05   2.45217e-05   3.33853e-07
6.1   2.46582e-05   3.13773e-07
6.15   2.43912e-05   3.61289e-07
6.2   2.34793e-05   2.79475e-07
6.25   2.23797e-05   2.80796e-07
6.3   2.17391e-05   2.88131e-07
6.35   2.14072e-05   3.1912e-07
6.4   2.14541e-05   2.91197e-07
6.45   2.05155e-05   2.49995e-07
6.5   1.97865e-05   2.50389e-07
6.55   1.93097e-05   2.73969e-07
6.6   1.94685e-05   2.8606e-07
6.65   1.8215e-05   2.65663e-07
6.7   1.83926e-05   2.57354e-07
6.75   1.76336e-05   2.52317e-07
6.8   1.73582e-05   2.51598e-07
6.85   1.6965e-05   2.27218e-07
6.9   1.62688e-05   1.94616e-07
6.95   1.57347e-05   2.10762e-07
7   1.51599e-05   2.16929e-07
7.05   1.51976e-05   1.96002e-07
7.1   1.48513e-05   2.16594e-07
7.15   1.42326e-05   1.74999e-07
7.2   1.41393e-05   1.9927e-07
7.25   1.40879e-05   1.89319e-07
7.3   1.37128e-05   1.89972e-07
7.35   1.35177e-05   1.72047e-07
7.4   1.37196e-05   1.69808e-07
7.45   1.31189e-05   2.17472e-07
7.5   1.30862e-05   1.89604e-07
7.55   1.255e-05   1.89502e-07
7.6   1.20244e-05   1.62924e-07
7.65   1.20004e-05   1.58933e-07
7.7   1.14161e-05   1.44385e-07
7.75   1.16058e-05   1.61316e-07
7.8   1.12401e-05   1.4881e-07
7.85   1.11771e-05   1.61664e-07
7.9   1.09119e-05   1.44413e-07
7.95   1.05023e-05   1.48109e-07
8   1.04125e-05   1.52678e-07
