# T    Cv
0.5   -1.79696e-11   1.0842e-18
0.55   -1.48509e-11   8.11343e-19
0.6   6.85609e-08   4.71209e-08
0.65   5.84188e-08   4.30858e-08
0.7   1.00732e-07   4.39476e-08
0.75   3.28716e-07   8.8105e-08
0.8   5.38604e-07   1.06066e-07
0.85   1.08659e-06   1.26202e-07
0.9   1.62896e-06   1.37684e-07
0.95   2.87784e-06   1.97486e-07
1   4.85118e-06   2.79402e-07
1.05   7.60476e-06   3.37977e-07
1.1   1.09302e-05   3.33204e-07
1.15   1.5197e-05   3.98942e-07
1.2   1.95776e-05   5.31968e-07
1.25   2.52248e-05   5.6729e-07
1.3   3.0331e-05   5.8219e-07
1.35   4.04369e-05   8.26816e-07
1.4   4.66486e-05   8.34463e-07
1.45   5.72628e-05   1.06111e-06
1.5   7.09333e-05   1.29732e-06
1.55   7.88563e-05   1.39156e-06
1.6   9.07776e-05   1.53072e-06
1.65   0.000107363   2.02545e-06
1.7   0.000123334   2.12729e-06
1.75   0.000138674   2.04717e-06
1.8   0.000157953   2.18148e-06
1.85   0.00017386   2.75879e-06
1.9   0.000193106   2.91881e-06
1.95   0.000206399   3.09198e-06
2   0.000225983   3.04179e-06
2.05   0.000257866   4.19896e-06
2.1   0.000277818   4.28756e-06
2.15   0.000299466   5.19618e-06
2.2   0.00032955   4.76577e-06
2.25   0.000340319   4.67409e-06
2.3   0.000363211   6.16494e-06
2.35   0.00038255   5.95092e-06
2.4   0.000418862   5.99098e-06
2.45   0.000430516   5.92879e-06
2.5   0.000474939   6.45577e-06
2.55   0.000495101   7.01021e-06
2.6   0.000528816   7.6157e-06
2.65   0.000541808   8.52418e-06
2.7   0.000560715   8.09023e-06
2.75   0.000579831   8.29195e-06
2.8   0.000598506   8.90416e-06
2.85   0.000624118   9.31709e-06
2.9   0.000673507   8.69812e-06
2.95   0.00066765   9.66904e-06
3   0.000697143   8.06164e-06
3.05   0.000709009   9.91698e-06
3.1   0.000746059   1.07693e-05
3.15   0.00072926   1.0483e-05
3.2   0.000767556   1.10932e-05
3.25   0.000776028   1.00193e-05
3.3   0.000774013   1.13723e-05
3.35   0.000805079   1.12993e-05
3.4   0.000795005   1.25313e-05
3.45   0.000799459   1.09839e-05
3.5   0.000836355   1.05852e-05
3.55   0.00081358   1.34643e-05
3.6   0.000811303   1.13504e-05
3.65   0.000818349   1.27765e-05
3.7   0.000833798   1.25837e-05
3.75   0.00078466   1.03075e-05
3.8   0.000804649   1.19014e-05
3.85   0.000811849   1.08309e-05
3.9   0.000800792   1.2331e-05
3.95   0.000783374   1.07842e-05
4   0.000766774   1.20922e-05
4.05   0.000745172   1.01459e-05
4.1   0.000756755   9.28688e-06
4.15   0.000739788   9.4556e-06
4.2   0.000713938   1.00048e-05
4.25   0.000699878   1.1147e-05
4.3   0.000701207   9.75901e-06
4.35   0.000683891   9.91214e-06
4.4   0.000676817   9.90487e-06
4.45   0.000637822   9.11801e-06
4.5   0.000614163   8.69734e-06
4.55   0.000628672   8.89771e-06
4.6   0.00060897   9.11932e-06
4.65   0.000606369   7.88585e-06
4.7   0.000584384   8.88508e-06
4.75   0.000550223   7.93437e-06
4.8   0.000541596   6.88826e-06
4.85   0.000537752   6.15042e-06
4.9   0.000525799   7.57404e-06
4.95   0.000497636   7.54431e-06
5   0.000487938   6.15008e-06
5.05   0.000489264   6.32836e-06
5.1   0.000469611   6.42008e-06
5.15   0.000451801   6.23684e-06
5.2   0.000428301   6.07859e-06
5.25   0.000423572   6.6002e-06
5.3   0.000419857   5.32014e-06
5.35   0.000403864   5.55488e-06
5.4   0.00039329   6.16235e-06
5.45   0.000385564   5.18061e-06
5.5   0.000384983   4.7987e-06
5.55   0.000364067   5.15719e-06
5.6   0.000346539   4.90105e-06
5.65   0.000346466   4.67819e-06
5.7   0.000338609   4.6789e-06
5.75   0.000324037   3.98368e-06
5.8   0.000312035   4.13921e-06
5.85   0.00031056   4.21122e-06
5.9   0.000301944   4.20441e-06
5.95   0.000284249   4.21316e-06
6   0.000282001   3.51207e-06
6.05   0.000276895   4.45688e-06
6.1   0.000268905   4.06608e-06
6.15   0.000261833   3.87294e-06
6.2   0.000265314   3.76927e-06
6.25   0.000254109   3.56987e-06
6.3   0.000238007   3.83261e-06
6.35   0.000244267   3.54371e-06
6.4   0.000227547   3.2832e-06
6.45   0.000229977   3.06685e-06
6.5   0.000216649   3.1498e-06
6.55   0.000218321   2.40447e-06
6.6   0.000206217   2.89325e-06
6.65   0.000208074   3.02867e-06
6.7   0.000201765   2.89841e-06
6.75   0.000199738   2.87671e-06
6.8   0.000192056   2.72868e-06
6.85   0.000182415   2.40993e-06
6.9   0.000183679   2.52018e-06
6.95   0.000174361   2.24831e-06
7   0.000179134   2.67279e-06
7.05   0.000172378   2.58427e-06
7.1   0.000168401   2.4094e-06
7.15   0.000161016   2.28512e-06
7.2   0.000158097   2.24266e-06
7.25   0.000158304   2.23564e-06
7.3   0.000152552   1.97189e-06
7.35   0.000153111   2.12301e-06
7.4   0.000146802   2.17223e-06
7.45   0.000142647   2.17458e-06
7.5   0.000141428   2.17934e-06
7.55   0.000138803   2.07318e-06
7.6   0.000136595   1.92346e-06
7.65   0.000132111   1.76854e-06
7.7   0.000129157   1.88039e-06
7.75   0.000124652   1.54954e-06
7.8   0.000128619   1.88632e-06
7.85   0.000126296   1.63155e-06
7.9   0.00011761   1.8427e-06
7.95   0.000120043   1.63932e-06
8   0.000114022   1.56593e-06
