# T    Energy
0.5   -2   0.000195704
0.55   -2   0.000178177
0.6   -1.85951   0.00490066
0.65   -1.99997   0.000549345
0.7   -1.9999   0.000958277
0.75   -1.99982   0.00125348
0.8   -1.99963   0.0018432
0.85   -1.99936   0.00238628
0.9   -1.99886   0.00324141
0.95   -1.99819   0.00412553
1   -1.99713   0.00507502
1.05   -1.99575   0.00621573
1.1   -1.994   0.00742373
1.15   -1.99153   0.00879075
1.2   -1.98857   0.0103735
1.25   -1.98475   0.0120472
1.3   -1.98037   0.0138087
1.35   -1.97537   0.0156017
1.4   -1.96799   0.0178316
1.45   -1.96   0.0199297
1.5   -1.95076   0.0223924
1.55   -1.94047   0.0252243
1.6   -1.92801   0.0274829
1.65   -1.91381   0.0302827
1.7   -1.89851   0.0331184
1.75   -1.87866   0.0368475
1.8   -1.85996   0.0387668
1.85   -1.83489   0.0427543
1.9   -1.81018   0.0472906
1.95   -1.77775   0.0525869
2   -1.74496   0.0573719
2.05   -1.70503   0.063536
2.1   -1.66638   0.0672926
2.15   -1.60455   0.0798844
2.2   -1.54748   0.0858214
2.25   -1.45589   0.103784
2.3   -1.39564   0.103194
2.35   -1.2877   0.104136
2.4   -1.22434   0.0935159
2.45   -1.14768   0.0817016
2.5   -1.10376   0.0759301
2.55   -1.06257   0.0769736
2.6   -1.02859   0.0726862
2.65   -0.996315   0.0707367
2.7   -0.962732   0.069983
2.75   -0.937028   0.06986
2.8   -0.906856   0.0658754
2.85   -0.881745   0.0660017
2.9   -0.861481   0.0642612
2.95   -0.836507   0.0650343
3   -0.816658   0.0625366
3.05   -0.799472   0.0630898
3.1   -0.779523   0.0625909
3.15   -0.763964   0.0614583
3.2   -0.746657   0.0601879
3.25   -0.729139   0.0596256
3.3   -0.714486   0.0591605
3.35   -0.699841   0.0597484
3.4   -0.685038   0.0588909
3.45   -0.673391   0.0593029
3.5   -0.660268   0.0580842
3.55   -0.647605   0.0575309
3.6   -0.636587   0.0562562
3.65   -0.624169   0.0576976
3.7   -0.613457   0.056329
3.75   -0.605275   0.056854
3.8   -0.59424   0.0565484
3.85   -0.584801   0.055182
3.9   -0.573809   0.0553089
3.95   -0.564941   0.0552208
4   -0.557424   0.0545895
4.05   -0.548868   0.0559647
4.1   -0.539389   0.0550538
4.15   -0.532547   0.0544537
4.2   -0.524732   0.0544198
4.25   -0.51795   0.054047
4.3   -0.510197   0.054053
4.35   -0.503218   0.0533636
4.4   -0.496706   0.0529201
4.45   -0.489584   0.0529894
4.5   -0.483982   0.0530267
4.55   -0.477269   0.0530656
4.6   -0.471496   0.0527897
4.65   -0.466298   0.0520247
4.7   -0.459243   0.0525298
4.75   -0.454838   0.0523835
4.8   -0.449048   0.0530083
4.85   -0.444419   0.0528558
4.9   -0.438662   0.0531278
4.95   -0.433521   0.0526364
5   -0.428734   0.0520094
5.05   -0.423713   0.0517522
5.1   -0.417584   0.051936
5.15   -0.413463   0.0515682
5.2   -0.409352   0.0515524
5.25   -0.406412   0.051388
5.3   -0.400486   0.0517652
5.35   -0.396118   0.0515672
5.4   -0.392791   0.051407
5.45   -0.389258   0.0512956
5.5   -0.38395   0.0509902
5.55   -0.380012   0.0510359
5.6   -0.376804   0.0517102
5.65   -0.372241   0.0507234
5.7   -0.369823   0.050954
5.75   -0.365781   0.0510511
5.8   -0.362852   0.0503751
5.85   -0.359784   0.0507801
5.9   -0.356998   0.0501604
5.95   -0.352512   0.0508012
6   -0.349411   0.050845
6.05   -0.345854   0.0502741
6.1   -0.342691   0.0506992
6.15   -0.340343   0.0503809
6.2   -0.338089   0.0507886
6.25   -0.334105   0.0502754
6.3   -0.331142   0.0510644
6.35   -0.328241   0.0501177
6.4   -0.325505   0.0506087
6.45   -0.323461   0.0503061
6.5   -0.319259   0.0505419
6.55   -0.317692   0.050306
6.6   -0.3149   0.049908
6.65   -0.312932   0.0497778
6.7   -0.310485   0.0495734
6.75   -0.306734   0.0499717
6.8   -0.304977   0.049827
6.85   -0.302212   0.0497201
6.9   -0.301306   0.0494387
6.95   -0.297304   0.0495732
7   -0.294989   0.0495754
7.05   -0.293753   0.049815
7.1   -0.290735   0.0498491
7.15   -0.289772   0.0493722
7.2   -0.286351   0.0493788
7.25   -0.285458   0.0494576
7.3   -0.282639   0.0491221
7.35   -0.280629   0.0495457
7.4   -0.277942   0.0492885
7.45   -0.276574   0.0492272
7.5   -0.274759   0.0489079
7.55   -0.272732   0.048986
7.6   -0.271383   0.0490773
7.65   -0.268856   0.0488587
7.7   -0.267257   0.049835
7.75   -0.266099   0.0487541
7.8   -0.263735   0.0500143
7.85   -0.262037   0.0491033
7.9   -0.259827   0.049062
7.95   -0.257599   0.0487302
8   -0.256615   0.0492526
