# T    Energy
0.5   -3   nan
0.55   -3   nan
0.6   -3   0.000156704
0.65   -3   0.000154722
0.7   -3   0.000217955
0.75   -2.99998   0.000421012
0.8   -2.99997   0.000586562
0.85   -2.99993   0.000883105
0.9   -2.99988   0.00115419
0.95   -2.99976   0.00160508
1   -2.99957   0.00220701
1.05   -2.99926   0.00289471
1.1   -2.99881   0.00364084
1.15   -2.9982   0.0044851
1.2   -2.99749   0.00531592
1.25   -2.99657   0.00627471
1.3   -2.99537   0.00716517
1.35   -2.99359   0.00859282
1.4   -2.99175   0.00955479
1.45   -2.9894   0.0109629
1.5   -2.98613   0.0126361
1.55   -2.98347   0.0137559
1.6   -2.97948   0.0152428
1.65   -2.97498   0.0171112
1.7   -2.96913   0.0188759
1.75   -2.96373   0.020627
1.8   -2.95711   0.0226434
1.85   -2.94994   0.0244084
1.9   -2.94149   0.0263573
1.95   -2.93224   0.0279927
2   -2.92254   0.0300857
2.05   -2.9113   0.032931
2.1   -2.90018   0.0350299
2.15   -2.88704   0.0372104
2.2   -2.87226   0.0399311
2.25   -2.85747   0.0415097
2.3   -2.84129   0.0438695
2.35   -2.82389   0.0459653
2.4   -2.80617   0.0491394
2.45   -2.78677   0.0508319
2.5   -2.76587   0.0544247
2.55   -2.74507   0.0567549
2.6   -2.72232   0.0597494
2.65   -2.69716   0.0616941
2.7   -2.67419   0.0640041
2.75   -2.64831   0.066299
2.8   -2.61996   0.0684757
2.85   -2.59234   0.0711119
2.9   -2.56357   0.0752556
2.95   -2.53409   0.0762547
3   -2.50472   0.0793001
3.05   -2.47313   0.081211
3.1   -2.43947   0.0846441
3.15   -2.40577   0.0850183
3.2   -2.37083   0.0886238
3.25   -2.33452   0.0905985
3.3   -2.30239   0.0917987
3.35   -2.26398   0.0949779
3.4   -2.22828   0.0958959
3.45   -2.19542   0.0975821
3.5   -2.15721   0.101237
3.55   -2.12153   0.101262
3.6   -2.08423   0.102633
3.65   -2.05037   0.104399
3.7   -2.01467   0.106759
3.75   -1.9751   0.104959
3.8   -1.93833   0.107753
3.85   -1.90146   0.109615
3.9   -1.86872   0.110248
3.95   -1.83014   0.110592
4   -1.79441   0.110702
4.05   -1.75922   0.11054
4.1   -1.72826   0.112601
4.15   -1.69297   0.112957
4.2   -1.66177   0.11223
4.25   -1.62873   0.112267
4.3   -1.59326   0.113852
4.35   -1.56447   0.113757
4.4   -1.53342   0.114437
4.45   -1.50421   0.112327
4.5   -1.47666   0.111491
4.55   -1.44912   0.114064
4.6   -1.41719   0.11347
4.65   -1.38879   0.114526
4.7   -1.36234   0.113638
4.75   -1.3377   0.111522
4.8   -1.31494   0.111649
4.85   -1.29182   0.112504
4.9   -1.265   0.112199
4.95   -1.2423   0.110514
5   -1.21635   0.110356
5.05   -1.1971   0.111684
5.1   -1.17889   0.110553
5.15   -1.15587   0.109483
5.2   -1.13472   0.107604
5.25   -1.1116   0.108068
5.3   -1.09693   0.108513
5.35   -1.0803   0.107478
5.4   -1.06187   0.107076
5.45   -1.04238   0.106913
5.5   -1.02998   0.107916
5.55   -1.01026   0.105947
5.6   -0.99425   0.104271
5.65   -0.975468   0.105219
5.7   -0.960921   0.104949
5.75   -0.945482   0.103509
5.8   -0.929362   0.102435
5.85   -0.918658   0.103182
5.9   -0.907088   0.102491
5.95   -0.890912   0.100361
6   -0.877735   0.100751
6.05   -0.864618   0.100664
6.1   -0.852661   0.100114
6.15   -0.838055   0.0994153
6.2   -0.831702   0.101101
6.25   -0.817431   0.0996346
6.3   -0.80504   0.0971558
6.35   -0.794339   0.099236
6.4   -0.783262   0.0965519
6.45   -0.774699   0.0978153
6.5   -0.76436   0.0955903
6.55   -0.755305   0.0968304
6.6   -0.747301   0.0948291
6.65   -0.738395   0.0958631
6.7   -0.725888   0.0952158
6.75   -0.716862   0.0953577
6.8   -0.709166   0.0941734
6.85   -0.698555   0.0925682
6.9   -0.690446   0.0934722
6.95   -0.684791   0.0917817
7   -0.675473   0.0936933
7.05   -0.669706   0.0925641
7.1   -0.661635   0.0921179
7.15   -0.6517   0.0906773
7.2   -0.648653   0.0905592
7.25   -0.638174   0.0912621
7.3   -0.632252   0.0901192
7.35   -0.6269   0.0909305
7.4   -0.61997   0.0895355
7.45   -0.61103   0.0890412
7.5   -0.60744   0.0892038
7.55   -0.598291   0.0890062
7.6   -0.593106   0.0887201
7.65   -0.586374   0.0878935
7.7   -0.579679   0.0875211
7.75   -0.575485   0.086366
7.8   -0.568905   0.0884018
7.85   -0.564803   0.0883045
7.9   -0.558635   0.0857231
7.95   -0.555698   0.0871352
8   -0.545252   0.0853679
