# T    M
0.5   1   3.06347e-07
0.55   1   3.06347e-07
0.6   1   3.13452e-05
0.65   1   3.09487e-05
0.7   0.999999   4.35941e-05
0.75   0.999997   8.4204e-05
0.8   0.999994   0.000117314
0.85   0.999986   0.000176622
0.9   0.999976   0.00023084
0.95   0.999952   0.000321017
1   0.999914   0.000441403
1.05   0.999852   0.000579522
1.1   0.99976   0.000736834
1.15   0.999639   0.000904979
1.2   0.999496   0.00107204
1.25   0.999311   0.00126862
1.3   0.999066   0.00145644
1.35   0.998708   0.00174354
1.4   0.998334   0.00194449
1.45   0.997852   0.00224465
1.5   0.997178   0.00260848
1.55   0.996635   0.00284111
1.6   0.995818   0.00315468
1.65   0.994882   0.0035778
1.7   0.993669   0.00394912
1.75   0.992536   0.00434425
1.8   0.991136   0.00479648
1.85   0.989636   0.00519848
1.9   0.987848   0.00564686
1.95   0.985872   0.00602382
2   0.983781   0.00653782
2.05   0.981355   0.00722337
2.1   0.978944   0.00772045
2.15   0.976072   0.00828885
2.2   0.972832   0.00891995
2.25   0.969508   0.00938357
2.3   0.965854   0.00997267
2.35   0.96198   0.0105366
2.4   0.957956   0.0113897
2.45   0.953446   0.0118917
2.5   0.948571   0.0129025
2.55   0.943801   0.0135388
2.6   0.938295   0.0144522
2.65   0.932318   0.0150816
2.7   0.926967   0.0156827
2.75   0.92057   0.0165078
2.8   0.913508   0.0173309
2.85   0.906738   0.018163
2.9   0.899629   0.0193544
2.95   0.892031   0.0198233
3   0.884579   0.0209647
3.05   0.876457   0.0217726
3.1   0.867561   0.0228728
3.15   0.858681   0.0232641
3.2   0.849458   0.0245102
3.25   0.839535   0.0252855
3.3   0.830777   0.0260309
3.35   0.820081   0.0272643
3.4   0.810354   0.0277801
3.45   0.800863   0.0287636
3.5   0.789983   0.0302246
3.55   0.779644   0.0303871
3.6   0.768868   0.0312334
3.65   0.759211   0.0319421
3.7   0.748336   0.0333324
3.75   0.736375   0.03312
3.8   0.725366   0.034285
3.85   0.714189   0.0351887
3.9   0.703989   0.0356467
3.95   0.691829   0.036322
4   0.680435   0.0370153
4.05   0.669395   0.0372347
4.1   0.659261   0.0383244
4.15   0.647878   0.0385561
4.2   0.637786   0.0385623
4.25   0.626846   0.0391427
4.3   0.615059   0.0404442
4.35   0.605078   0.0403657
4.4   0.594713   0.0412376
4.45   0.58485   0.0408346
4.5   0.575373   0.040998
4.55   0.566089   0.0421959
4.6   0.554804   0.0425189
4.65   0.544378   0.043113
4.7   0.53501   0.0431451
4.75   0.526759   0.0428476
4.8   0.518493   0.0430088
4.85   0.510165   0.0438234
4.9   0.500212   0.043961
4.95   0.492226   0.043578
5   0.482279   0.0438887
5.05   0.475522   0.0443624
5.1   0.468685   0.0445726
5.15   0.460319   0.0443627
5.2   0.452043   0.0440569
5.25   0.443795   0.0444127
5.3   0.438092   0.0450945
5.35   0.43185   0.0443865
5.4   0.424953   0.0448739
5.45   0.416923   0.0448074
5.5   0.41253   0.0455482
5.55   0.4053   0.0447544
5.6   0.39912   0.0442619
5.65   0.391424   0.0451035
5.7   0.385782   0.045098
5.75   0.379316   0.0451189
5.8   0.372966   0.0447278
5.85   0.369467   0.0452025
5.9   0.364711   0.0452924
5.95   0.358001   0.0445141
6   0.352668   0.04448
6.05   0.347713   0.044947
6.1   0.342962   0.0448491
6.15   0.337032   0.0447966
6.2   0.334588   0.0453369
6.25   0.328688   0.045112
6.3   0.323774   0.0444554
6.35   0.31971   0.0448613
6.4   0.315188   0.0443591
6.45   0.311657   0.0453461
6.5   0.307222   0.0441909
6.55   0.304059   0.0446661
6.6   0.300767   0.0443419
6.65   0.296874   0.0444973
6.7   0.291474   0.0442615
6.75   0.288088   0.0447314
6.8   0.285188   0.0442683
6.85   0.280399   0.043879
6.9   0.276621   0.0446114
6.95   0.274922   0.0437937
7   0.270845   0.044819
7.05   0.268913   0.0440528
7.1   0.265498   0.0440563
7.15   0.261446   0.0440992
7.2   0.260419   0.0432632
7.25   0.25549   0.0441362
7.3   0.253267   0.0437103
7.35   0.250946   0.0438323
7.4   0.248019   0.0433015
7.45   0.24461   0.0431662
7.5   0.242472   0.0438787
7.55   0.239068   0.043539
7.6   0.237274   0.0437281
7.65   0.233947   0.043186
7.7   0.231065   0.0432041
7.75   0.229547   0.0424923
7.8   0.226405   0.0434358
7.85   0.225616   0.0433821
7.9   0.222513   0.042871
7.95   0.22124   0.0434067
8   0.21626   0.0427665
