# T    M
0.5   0.999999   4.89267e-05
0.55   -0.999999   4.45451e-05
0.6   -0.32171   0.232391
0.65   0.999991   0.000140072
0.7   -0.999974   0.000241585
0.75   0.999956   0.000314622
0.8   0.999907   0.00046342
0.85   -0.999837   0.000611588
0.9   0.99971   0.000831166
0.95   -0.999538   0.00106498
1   -0.999269   0.00131339
1.05   0.998913   0.00162007
1.1   -0.998448   0.0019824
1.15   -0.997804   0.00234709
1.2   -0.997024   0.0027928
1.25   0.995993   0.0032991
1.3   -0.994794   0.00384823
1.35   -0.993417   0.00440645
1.4   -0.991362   0.00514678
1.45   -0.989067   0.0059267
1.5   0.986405   0.0067847
1.55   0.983252   0.00806115
1.6   0.979526   0.00888241
1.65   -0.975119   0.0100268
1.7   0.970206   0.0112781
1.75   0.963475   0.0133724
1.8   0.957168   0.0146387
1.85   0.948055   0.0168478
1.9   0.93872   0.020184
1.95   0.925359   0.0247098
2   0.910884   0.0293511
2.05   0.891662   0.0372993
2.1   0.871652   0.0441449
2.15   0.827181   0.0804091
2.2   0.787726   0.0881501
2.25   0.667137   0.199692
2.3   -0.173956   0.627417
2.35   0.216186   0.441873
2.4   -0.0654302   0.400162
2.45   0.00579   0.295965
2.5   0.00999467   0.235683
2.55   0.000910444   0.218525
2.6   0.001056   0.18764
2.65   -0.000415111   0.190001
2.7   0.00464378   0.156774
2.75   0.0164911   0.15108
2.8   -0.00668667   0.141091
2.85   -0.000590889   0.126736
2.9   0.00808489   0.127916
2.95   0.00701067   0.115243
3   -0.005614   0.11225
3.05   -0.000464444   0.108201
3.1   0.00553689   0.10365
3.15   0.003906   0.101719
3.2   -0.00650756   0.0993965
3.25   0.00447156   0.0929843
3.3   -0.00423511   0.0908553
3.35   -0.00353156   0.0917675
3.4   0.00281511   0.0877445
3.45   0.00127067   0.0855374
3.5   -0.000669111   0.0824079
3.55   -0.000334667   0.0779671
3.6   0.00223   0.077076
3.65   0.00143889   0.0796032
3.7   -0.00179422   0.0747507
3.75   -0.00230467   0.0737726
3.8   -0.00390022   0.0730422
3.85   -0.00525711   0.071699
3.9   -0.000585556   0.0720974
3.95   0.00138644   0.0697694
4   -0.000577778   0.0686937
4.05   0.00194822   0.0677675
4.1   0.000618889   0.0661499
4.15   0.000927111   0.0656727
4.2   -0.000359111   0.0646271
4.25   -0.000476889   0.065815
4.3   -0.00121933   0.0639856
4.35   0.000190667   0.0616104
4.4   -0.00298467   0.0614621
4.45   2.11111e-05   0.061886
4.5   -0.00149467   0.0609133
4.55   0.000102   0.0605844
4.6   0.000350222   0.0608094
4.65   -0.000584889   0.0596972
4.7   -1.84444e-05   0.0583497
4.75   0.00226733   0.0585044
4.8   0.00137511   0.0581437
4.85   -0.000503111   0.0565341
4.9   0.000913778   0.0583764
4.95   0.000291778   0.0577104
5   -0.00295444   0.0558622
5.05   -0.000378222   0.0555508
5.1   0.001364   0.0552301
5.15   -0.00149356   0.0552126
5.2   -0.00135556   0.0546555
5.25   -0.000237778   0.053863
5.3   0.000901333   0.0539223
5.35   0.00139978   0.0538189
5.4   -0.000203556   0.0533807
5.45   -0.00127311   0.0530505
5.5   0.000777333   0.0530154
5.55   0.000143333   0.0525418
5.6   -0.000825111   0.0519634
5.65   -0.000872667   0.0518675
5.7   -0.000283333   0.051966
5.75   0.000236222   0.051396
5.8   -0.000200889   0.0518169
5.85   0.000661111   0.0505787
5.9   -0.000344444   0.0510123
5.95   0.000552444   0.050806
6   -0.00103644   0.050003
6.05   -0.000824   0.0497013
6.1   0.00136333   0.0510529
6.15   0.00091   0.0498644
6.2   -0.000720222   0.0498859
6.25   0.000537111   0.049586
6.3   -0.000253111   0.0496718
6.35   -0.000261778   0.0483921
6.4   -0.000524667   0.0489945
6.45   0.000602222   0.0485406
6.5   -0.00292089   0.0490618
6.55   -0.00127933   0.0476071
6.6   -0.000349556   0.0479444
6.65   7.48889e-05   0.0486918
6.7   -5.77778e-05   0.0478238
6.75   0.000369333   0.047533
6.8   0.000553556   0.0473618
6.85   0.000461778   0.0475592
6.9   0.00108111   0.0472547
6.95   0.000862   0.0467512
7   -0.000509778   0.046888
7.05   1.93333e-05   0.0471144
7.1   -0.000476667   0.0463814
7.15   -7.71111e-05   0.0468743
7.2   0.000508889   0.045829
7.25   -0.000808444   0.0459543
7.3   -0.000928222   0.0464102
7.35   -0.000686222   0.0449901
7.4   0.00102911   0.046178
7.45   0.000106   0.0455184
7.5   0.000639556   0.0453314
7.55   -0.00113311   0.0452125
7.6   -0.000492444   0.0456626
7.65   -0.00109556   0.0455085
7.7   -0.000694222   0.0452922
7.75   -0.000307111   0.0452049
7.8   0.00172844   0.0447497
7.85   -0.000783778   0.0449531
7.9   0.000100222   0.0447068
7.95   0.000284667   0.0444896
8   -0.000288444   0.0444917
