# T    Cv
0.5   3.83574e-09   9.65559e-10
0.55   1.01079e-08   1.38285e-09
0.6   3.21361e-08   2.27597e-09
0.65   7.03469e-08   3.12787e-09
0.7   1.47242e-07   4.41502e-09
0.75   2.26938e-06   3.55333e-08
0.8   4.44245e-07   9.43529e-09
0.85   7.69681e-07   1.21428e-08
0.9   1.17125e-06   1.90032e-08
0.95   1.67918e-06   2.4739e-08
1   3.57315e-06   5.89426e-08
1.05   3.15335e-06   4.63312e-08
1.1   6.45084e-06   9.31761e-08
1.15   5.29961e-06   7.14624e-08
1.2   8.84061e-06   1.41389e-07
1.25   8.25571e-06   1.25299e-07
1.3   1.2732e-05   1.95611e-07
1.35   1.22761e-05   1.62389e-07
1.4   1.41153e-05   1.96606e-07
1.45   1.6779e-05   2.19706e-07
1.5   1.93761e-05   3.34793e-07
1.55   2.23565e-05   3.07264e-07
1.6   2.59608e-05   3.77561e-07
1.65   3.03145e-05   4.42702e-07
1.7   3.43065e-05   5.39102e-07
1.75   4.16234e-05   5.80559e-07
1.8   4.25164e-05   6.23907e-07
1.85   4.82899e-05   6.33387e-07
1.9   5.68867e-05   7.58161e-07
1.95   6.72768e-05   9.02481e-07
2   7.04275e-05   1.08458e-06
2.05   8.29873e-05   1.21492e-06
2.1   0.000101666   1.29619e-06
2.15   0.000116461   1.45996e-06
2.2   0.000134468   1.84053e-06
2.25   0.000171464   2.20039e-06
2.3   0.000146333   2.03904e-06
2.35   0.000121804   1.81465e-06
2.4   0.000109381   1.54232e-06
2.45   0.00010345   1.5517e-06
2.5   8.90705e-05   1.20166e-06
2.55   7.92864e-05   1.03804e-06
2.6   7.02631e-05   1.11924e-06
2.65   6.33731e-05   9.28407e-07
2.7   6.05853e-05   8.29061e-07
2.75   5.47708e-05   7.83293e-07
2.8   5.30833e-05   7.55698e-07
2.85   4.66973e-05   5.64999e-07
2.9   4.43366e-05   6.01405e-07
2.95   4.18335e-05   6.53149e-07
3   3.97394e-05   5.08227e-07
3.05   3.75209e-05   4.58188e-07
3.1   3.61372e-05   5.21976e-07
3.15   3.43161e-05   4.47488e-07
3.2   3.23092e-05   4.31847e-07
3.25   3.06701e-05   4.7217e-07
3.3   2.9283e-05   4.33737e-07
3.35   2.91973e-05   4.23089e-07
3.4   2.77897e-05   4.04182e-07
3.45   2.63925e-05   4.05185e-07
3.5   2.47432e-05   3.45199e-07
3.55   2.32539e-05   3.15819e-07
3.6   2.23909e-05   2.77291e-07
3.65   2.18483e-05   3.08011e-07
3.7   2.16066e-05   3.25436e-07
3.75   2.01658e-05   2.68604e-07
3.8   1.93279e-05   2.71478e-07
3.85   1.87403e-05   2.62829e-07
3.9   1.85651e-05   2.2061e-07
3.95   1.78154e-05   2.85523e-07
4   1.71478e-05   2.41763e-07
4.05   1.64152e-05   2.23137e-07
4.1   1.63012e-05   2.13951e-07
4.15   1.57548e-05   2.10263e-07
4.2   1.47332e-05   2.11083e-07
4.25   1.42456e-05   2.13043e-07
4.3   1.46314e-05   1.9029e-07
4.35   1.38036e-05   1.83495e-07
4.4   1.31758e-05   1.96034e-07
4.45   1.2947e-05   1.87401e-07
4.5   1.22872e-05   1.63519e-07
4.55   1.21495e-05   1.37063e-07
4.6   1.20689e-05   1.52809e-07
4.65   1.15265e-05   1.65948e-07
4.7   1.14797e-05   1.54706e-07
4.75   1.08006e-05   1.62551e-07
4.8   1.0508e-05   1.39621e-07
4.85   1.04215e-05   1.45121e-07
4.9   1.04841e-05   1.56036e-07
4.95   1.00464e-05   1.32365e-07
5   9.42499e-06   1.31482e-07
5.05   9.59881e-06   1.27196e-07
5.1   9.34647e-06   1.25169e-07
5.15   9.2407e-06   1.27142e-07
5.2   8.76583e-06   1.24977e-07
5.25   8.59342e-06   1.26502e-07
5.3   8.40939e-06   1.20373e-07
5.35   8.40954e-06   1.11699e-07
5.4   8.24867e-06   1.02827e-07
5.45   7.98513e-06   1.06089e-07
5.5   7.70878e-06   1.06333e-07
5.55   7.62229e-06   1.18915e-07
5.6   7.51355e-06   1.00231e-07
5.65   7.49081e-06   1.05982e-07
5.7   7.45754e-06   9.87686e-08
5.75   6.79413e-06   1.06235e-07
5.8   7.01422e-06   1.12817e-07
5.85   6.9022e-06   8.64216e-08
5.9   6.71043e-06   9.60313e-08
5.95   6.49897e-06   9.39505e-08
6   6.2431e-06   8.76513e-08
6.05   6.24524e-06   8.43674e-08
6.1   6.15736e-06   9.1752e-08
6.15   5.89165e-06   8.11011e-08
6.2   5.99881e-06   7.37124e-08
6.25   5.73585e-06   7.95239e-08
6.3   5.72815e-06   8.76477e-08
6.35   5.72661e-06   8.81708e-08
6.4   5.52541e-06   8.23195e-08
6.45   5.49245e-06   7.18655e-08
6.5   5.25384e-06   8.01819e-08
6.55   5.25001e-06   6.89479e-08
6.6   5.27819e-06   6.95563e-08
6.65   5.05256e-06   7.61037e-08
6.7   4.99113e-06   7.42362e-08
6.75   4.82617e-06   7.84962e-08
6.8   4.8225e-06   7.36929e-08
6.85   4.79385e-06   6.64549e-08
6.9   4.70939e-06   5.79957e-08
6.95   4.59284e-06   6.26675e-08
7   4.44151e-06   6.26463e-08
7.05   4.42878e-06   6.03349e-08
7.1   4.32666e-06   5.30304e-08
7.15   4.2812e-06   5.91355e-08
7.2   4.2615e-06   5.39418e-08
7.25   4.16764e-06   6.54917e-08
7.3   4.12276e-06   6.19683e-08
7.35   4.0076e-06   5.79234e-08
7.4   4.02403e-06   5.90379e-08
7.45   3.93928e-06   5.26469e-08
7.5   3.88183e-06   5.41889e-08
7.55   3.89262e-06   5.11463e-08
7.6   3.76009e-06   5.26142e-08
7.65   3.68065e-06   5.02765e-08
7.7   3.68804e-06   4.89516e-08
7.75   3.67131e-06   5.06306e-08
7.8   3.57568e-06   5.06114e-08
7.85   3.52414e-06   4.80224e-08
7.9   3.42413e-06   4.35135e-08
7.95   3.3921e-06   4.77934e-08
8   3.41658e-06   5.28789e-08
