# T    susceptibilidad
1   0.00569144
1.05   0.00158162
1.1   1.25927e-06
1.15   0.0035569
1.2   2.33421e-06
1.25   3.11882e-06
1.3   4.09038e-06
1.35   5.24441e-06
1.4   0.00288333
1.45   0.00397838
1.5   1.09373e-05
1.55   0.0104391
1.6   1.70849e-05
1.65   2.16291e-05
1.7   2.78069e-05
1.75   3.49575e-05
1.8   4.54945e-05
1.85   0.00978864
1.9   7.81518e-05
1.95   0.000128457
2   0.000153944
2.05   0.000220169
2.1   0.000398594
2.15   0.000768948
2.2   0.00132584
2.25   0.00899412
2.3   0.122891
2.35   0.0573682
2.4   0.0255243
2.45   0.0134707
2.5   0.0101391
2.55   0.00692182
2.6   0.00511347
2.65   0.00414805
2.7   0.00355515
2.75   0.0029108
2.8   0.0025608
2.85   0.0022373
2.9   0.00194712
2.95   0.00176306
3   0.00153875
3.05   0.00138839
3.1   0.00128644
3.15   0.00115617
3.2   0.00106234
3.25   0.000976723
3.3   0.000919224
3.35   0.000838122
3.4   0.000800648
3.45   0.000762951
3.5   0.000724704
3.55   0.000672556
3.6   0.000621812
3.65   0.00057787
3.7   0.000564008
3.75   0.000531916
3.8   0.000509744
