# T    susceptibilidad
2   5.1285e-05
2.05   5.54202e-05
2.1   6.10117e-05
2.15   6.98935e-05
2.2   8.10396e-05
2.25   8.81832e-05
2.3   9.45035e-05
2.35   0.000112194
2.4   0.000117743
2.45   0.00012798
2.5   0.000142291
2.55   0.000163006
2.6   0.000170264
2.65   0.000189812
2.7   0.000207665
2.75   0.000227795
2.8   0.000249195
2.85   0.000263075
2.9   0.000277186
2.95   0.000292096
3   0.000328945
3.05   0.000341952
3.1   0.000365842
3.15   0.000397275
3.2   0.000410463
3.25   0.000438345
3.3   0.000460347
3.35   0.000484859
3.4   0.000511435
3.45   0.000556881
3.5   0.000557999
3.55   0.000593772
3.6   0.000624295
3.65   0.000619171
3.7   0.000658267
3.75   0.000677514
3.8   0.000662788
3.85   0.000714803
3.9   0.000776702
3.95   0.00075912
4   0.000792876
4.05   0.000746007
4.1   0.000799899
4.15   0.000808649
4.2   0.000807952
4.25   0.000841162
4.3   0.000834005
4.35   0.000876989
4.4   0.000884157
4.45   0.000833474
4.5   0.000865957
4.55   0.000850066
4.6   0.000864191
4.65   0.000870583
4.7   0.000883424
4.75   0.0009083
4.8   0.000902894
4.85   0.000887099
4.9   0.000877906
4.95   0.000882727
5   0.000881121
5.05   0.00087422
5.1   0.000847491
5.15   0.000828565
5.2   0.000888317
5.25   0.000846731
5.3   0.000847505
5.35   0.000842809
5.4   0.000817563
5.45   0.000880974
5.5   0.000856715
5.55   0.000812088
5.6   0.000823127
5.65   0.000784192
5.7   0.000804923
5.75   0.000806561
5.8   0.000776679
5.85   0.000762418
5.9   0.000778693
5.95   0.000763755
6   0.000734407
6.05   0.000756822
6.1   0.000741689
6.15   0.000738684
6.2   0.000740066
6.25   0.000729276
6.3   0.000724605
6.35   0.000729786
6.4   0.00069653
6.45   0.000671068
6.5   0.000676917
6.55   0.000681979
6.6   0.000666072
6.65   0.000669051
6.7   0.000655154
6.75   0.000661574
6.8   0.000626008
6.85   0.000654385
6.9   0.000643665
6.95   0.000634537
7   0.000603303
7.05   0.000627391
7.1   0.00060838
7.15   0.000590969
7.2   0.000603572
7.25   0.00058748
7.3   0.000615386
7.35   0.000584177
7.4   0.000591081
7.45   0.000574586
7.5   0.00057536
7.55   0.000572347
7.6   0.000553804
7.65   0.000557428
7.7   0.000548121
7.75   0.000526435
7.8   0.000539518
7.85   0.000540668
7.9   0.000546584
7.95   0.000522424
8   0.000523549
8.05   0.000530834
8.1   0.000529486
8.15   0.000486871
8.2   0.000512028
8.25   0.000487078
8.3   0.00049669
8.35   0.000506158
8.4   0.000493917
8.45   0.000468054
8.5   0.000480595
8.55   0.000455922
8.6   0.000472994
8.65   0.000479218
8.7   0.000461647
8.75   0.000453051
8.8   0.000453505
8.85   0.000440858
8.9   0.000446725
8.95   0.000440818
9   0.000438185
9.05   0.000428534
9.1   0.000429692
9.15   0.000430173
9.2   0.000424841
9.25   0.000421433
9.3   0.00041454
9.35   0.000411885
9.4   0.000423448
9.45   0.000422921
9.5   0.000401966
9.55   0.000402535
9.6   0.000397264
9.65   0.000396846
9.7   0.000392385
9.75   0.00039845
9.8   0.000381981
9.85   0.000380594
9.9   0.000376875
9.95   0.000379007
