# T    susceptibilidad
1   1.57514e-05
1.05   2.37609e-05
1.1   3.13879e-05
1.15   4.28284e-05
1.2   5.66571e-05
1.25   7.74194e-05
1.3   0.000100783
1.35   0.000129684
1.4   0.000173102
1.45   0.000212105
1.5   0.000262563
1.55   0.000331246
1.6   0.00042979
1.65   0.000548835
1.7   0.000655612
1.75   0.000835002
1.8   0.00114852
1.85   0.00142908
1.9   0.146326
1.95   0.245387
2   0.203588
2.05   0.26131
2.1   0.345538
2.15   0.325521
2.2   0.311254
2.25   0.280968
2.3   0.252616
2.35   0.219814
2.4   0.190862
2.45   0.164159
2.5   0.143506
2.55   0.124235
2.6   0.102896
2.65   0.0895436
2.7   0.078951
2.75   0.0682879
2.8   0.0603287
2.85   0.0526503
2.9   0.0474267
2.95   0.040771
3   0.0376991
3.05   0.034338
3.1   0.0316176
3.15   0.0284823
3.2   0.0259457
3.25   0.0244731
3.3   0.0227875
3.35   0.0208516
3.4   0.0199288
3.45   0.0188789
3.5   0.0176135
3.55   0.0163833
3.6   0.0154564
3.65   0.0146704
3.7   0.014098
3.75   0.0133406
3.8   0.0129486
