# T    susceptibilidad
2   0.000187508
2.05   0.000216321
2.1   0.000253324
2.15   0.000274212
2.2   0.000308055
2.25   0.000325889
2.3   0.000380514
2.35   0.000444988
2.4   0.000505172
2.45   0.000542917
2.5   0.000610929
2.55   0.000650091
2.6   0.000720964
2.65   0.000774641
2.7   0.00082452
2.75   0.000917219
2.8   0.000967635
2.85   0.00106943
2.9   0.00115239
2.95   0.00120771
3   0.0013242
3.05   0.00139023
3.1   0.00144183
3.15   0.00159767
3.2   0.00176784
3.25   0.00176644
3.3   0.00182253
3.35   0.00192945
3.4   0.00203602
3.45   0.00218043
3.5   0.00214208
3.55   0.00239819
3.6   0.00240701
3.65   0.00258316
3.7   0.00255298
3.75   0.00259374
3.8   0.00294691
3.85   0.00277501
3.9   0.00290066
3.95   0.00299905
4   0.00310392
4.05   0.00304018
4.1   0.0031335
4.15   0.00330219
4.2   0.00333546
4.25   0.00351457
4.3   0.00357062
4.35   0.00359388
4.4   0.00346696
4.45   0.00359177
4.5   0.00347382
4.55   0.00354422
4.6   0.0035018
4.65   0.00346805
4.7   0.00360856
4.75   0.00361637
4.8   0.0034844
4.85   0.0036391
4.9   0.00352368
4.95   0.00365014
5   0.00354731
5.05   0.00358951
5.1   0.00340629
5.15   0.00348071
5.2   0.00343464
5.25   0.00335532
5.3   0.00348281
5.35   0.00347111
5.4   0.0033484
5.45   0.00336958
5.5   0.00332404
5.55   0.00332145
5.6   0.00330844
5.65   0.00332027
5.7   0.00316922
5.75   0.00333211
5.8   0.00324725
5.85   0.00310514
5.9   0.00303305
5.95   0.00312614
6   0.00298059
6.05   0.00302074
6.1   0.00295411
6.15   0.00297629
6.2   0.0029124
6.25   0.00292089
6.3   0.00276365
6.35   0.00279851
6.4   0.002831
6.45   0.0027672
6.5   0.00269107
6.55   0.00272162
6.6   0.00276306
6.65   0.00268761
6.7   0.00269072
6.75   0.00265741
6.8   0.00260933
6.85   0.00260607
6.9   0.00251259
6.95   0.00259498
7   0.00244673
7.05   0.00247832
7.1   0.00239065
7.15   0.00245733
7.2   0.00236548
7.25   0.00239402
7.3   0.00240579
7.35   0.00239149
7.4   0.00231479
7.45   0.00230919
7.5   0.00228532
7.55   0.00226021
7.6   0.00221958
7.65   0.0022016
7.7   0.00218204
7.75   0.00214711
7.8   0.00215597
7.85   0.00212257
7.9   0.00210809
7.95   0.00199188
8   0.00206722
8.05   0.0019991
8.1   0.00198608
8.15   0.00205424
8.2   0.00200005
8.25   0.00196885
8.3   0.00198563
8.35   0.00199377
8.4   0.00196209
8.45   0.00191581
8.5   0.00196494
8.55   0.00189065
8.6   0.00188103
8.65   0.00184878
8.7   0.00184526
8.75   0.00181832
8.8   0.00182895
8.85   0.00180082
8.9   0.00175066
8.95   0.00173787
9   0.00172855
9.05   0.00171973
9.1   0.00175974
9.15   0.00166972
9.2   0.0016785
9.25   0.00169465
9.3   0.0016807
9.35   0.00167521
9.4   0.00163097
9.45   0.00163808
9.5   0.00166794
9.55   0.00159453
9.6   0.00163744
9.65   0.00158536
9.7   0.00157558
9.75   0.00153275
9.8   0.00157892
9.85   0.00153664
9.9   0.00155166
9.95   0.0015318
