# T    susceptibilidad
2   8.00239e-06
2.05   9.01e-06
2.1   1.00396e-05
2.15   1.12432e-05
2.2   1.25623e-05
2.25   1.46284e-05
2.3   1.57972e-05
2.35   1.71106e-05
2.4   1.99711e-05
2.45   2.1073e-05
2.5   2.45191e-05
2.55   2.63424e-05
2.6   2.76444e-05
2.65   3.04748e-05
2.7   3.31813e-05
2.75   3.58095e-05
2.8   3.86396e-05
2.85   4.14772e-05
2.9   4.68413e-05
2.95   4.79853e-05
3   5.13996e-05
3.05   5.47078e-05
3.1   6.13206e-05
3.15   6.38282e-05
3.2   6.67249e-05
3.25   7.19248e-05
3.3   7.31588e-05
3.35   7.96747e-05
3.4   8.3167e-05
3.45   8.43622e-05
3.5   9.23641e-05
3.55   9.47228e-05
3.6   0.000100257
3.65   0.000101436
3.7   0.000101672
3.75   0.000109985
3.8   0.000112269
3.85   0.000114055
3.9   0.000116667
3.95   0.000118872
4   0.000124051
4.05   0.000124037
4.1   0.000129798
4.15   0.000131587
4.2   0.000139006
4.25   0.000133362
4.3   0.000131166
4.35   0.000131898
4.4   0.000135797
4.45   0.000137755
4.5   0.000137836
4.55   0.000142179
4.6   0.000139737
4.65   0.000142269
4.7   0.000143819
4.75   0.000145955
4.8   0.000138009
4.85   0.000143843
4.9   0.000142516
4.95   0.000140932
5   0.000136546
5.05   0.000139986
5.1   0.000138735
5.15   0.000141651
5.2   0.000139856
5.25   0.000137854
5.3   0.000137182
5.35   0.000139675
5.4   0.000138313
5.45   0.000134626
5.5   0.000132566
5.55   0.000127415
5.6   0.0001308
5.65   0.000135914
5.7   0.000130049
5.75   0.000129396
5.8   0.000125793
5.85   0.00012347
5.9   0.000119967
5.95   0.000123122
6   0.000120934
6.05   0.000120768
6.1   0.00011891
6.15   0.000115142
6.2   0.000115494
6.25   0.000115511
6.3   0.000108297
6.35   0.000114392
6.4   0.000112559
6.45   0.000111288
6.5   0.00011024
6.55   0.000110759
6.6   0.000109083
6.65   0.000107852
6.7   0.000106399
6.75   0.000102651
6.8   0.000106042
6.85   0.000105154
6.9   9.98747e-05
6.95   0.000104439
7   9.98496e-05
7.05   0.000101115
7.1   9.71263e-05
7.15   9.91671e-05
7.2   9.74379e-05
7.25   9.52997e-05
7.3   9.26788e-05
7.35   9.26135e-05
7.4   9.24163e-05
7.45   9.2174e-05
7.5   8.80184e-05
7.55   9.04582e-05
7.6   8.97204e-05
7.65   8.99076e-05
7.7   8.97565e-05
7.75   8.41341e-05
7.8   8.43904e-05
7.85   8.29373e-05
7.9   8.44748e-05
7.95   8.38167e-05
8   8.23679e-05
8.05   8.24256e-05
8.1   8.23223e-05
8.15   7.94017e-05
8.2   7.8403e-05
8.25   7.90121e-05
8.3   7.8706e-05
8.35   7.57536e-05
8.4   7.86432e-05
8.45   7.7293e-05
8.5   7.77737e-05
8.55   7.63346e-05
8.6   7.33554e-05
8.65   7.50421e-05
8.7   7.25257e-05
8.75   7.44517e-05
8.8   7.25879e-05
8.85   7.22014e-05
8.9   7.09342e-05
8.95   6.96813e-05
9   7.03814e-05
9.05   7.12571e-05
9.1   7.01061e-05
9.15   6.77573e-05
9.2   6.82823e-05
9.25   6.8904e-05
9.3   6.56366e-05
9.35   6.76175e-05
9.4   6.58209e-05
9.45   6.46486e-05
9.5   6.53666e-05
9.55   6.19737e-05
9.6   6.35019e-05
9.65   6.29105e-05
9.7   6.21059e-05
9.75   6.34957e-05
9.8   6.05255e-05
9.85   6.29899e-05
9.9   6.12861e-05
9.95   6.04888e-05
