# T    susceptibilidad
1   3.97854e-06
1.05   5.52748e-06
1.1   7.81107e-06
1.15   1.09268e-05
1.2   1.47835e-05
1.25   1.95832e-05
1.3   2.52982e-05
1.35   3.28102e-05
1.4   4.27678e-05
1.45   5.41215e-05
1.5   6.77163e-05
1.55   8.40067e-05
1.6   0.000107261
1.65   0.000132754
1.7   0.000174504
1.75   0.000222189
1.8   0.000293428
1.85   0.000370671
1.9   0.000494276
1.95   0.000665711
2   0.00101808
2.05   0.00150063
2.1   0.00217958
2.15   0.327936
2.2   0.2269
2.25   0.208972
2.3   0.190893
2.35   0.150734
2.4   0.108726
2.45   0.0754496
2.5   0.0582521
2.55   0.0446864
2.6   0.034179
2.65   0.0263426
2.7   0.0218143
2.75   0.0183294
2.8   0.0161818
2.85   0.0135058
2.9   0.0119862
2.95   0.0109325
3   0.00961904
3.05   0.00869266
3.1   0.00784428
3.15   0.00718826
3.2   0.00682137
3.25   0.00613188
3.3   0.00573389
3.35   0.0053686
3.4   0.00495095
3.45   0.00458953
3.5   0.00440992
3.55   0.00415853
3.6   0.00385626
3.65   0.00371623
3.7   0.00352671
3.75   0.00331044
3.8   0.00314553
