# T    susceptibilidad
2   0.000746177
2.05   0.00084457
2.1   0.00102572
2.15   0.00108612
2.2   0.00126092
2.25   0.00148679
2.3   0.00149483
2.35   0.00168747
2.4   0.00201472
2.45   0.00219596
2.5   0.002358
2.55   0.00268846
2.6   0.00260249
2.65   0.00311255
2.7   0.00373066
2.75   0.00363645
2.8   0.00420436
2.85   0.00389526
2.9   0.00453648
2.95   0.00505154
3   0.00536979
3.05   0.00546266
3.1   0.00622316
3.15   0.00630554
3.2   0.00673702
3.25   0.007046
3.3   0.00728512
3.35   0.0076686
3.4   0.00798336
3.45   0.0091005
3.5   0.00905302
3.55   0.00923447
3.6   0.0110595
3.65   0.0105882
3.7   0.0109361
3.75   0.0109832
3.8   0.011569
3.85   0.0117437
3.9   0.0123739
3.95   0.012201
4   0.012616
4.05   0.0121788
4.1   0.0124991
4.15   0.0132122
4.2   0.0136395
4.25   0.0136908
4.3   0.01324
4.35   0.0142573
4.4   0.0148119
4.45   0.0142809
4.5   0.0138055
4.55   0.0133491
4.6   0.0144266
4.65   0.0141656
4.7   0.014269
4.75   0.0145589
4.8   0.0140682
4.85   0.0141181
4.9   0.0138872
4.95   0.0146517
5   0.0145595
5.05   0.0139935
5.1   0.0140876
5.15   0.0138465
5.2   0.0142262
5.25   0.0136036
5.3   0.0135678
5.35   0.0129137
5.4   0.0135956
5.45   0.0134738
5.5   0.013116
5.55   0.0133058
5.6   0.0135065
5.65   0.0130211
5.7   0.0127801
5.75   0.0125195
5.8   0.0128329
5.85   0.0122583
5.9   0.0122292
5.95   0.0126197
6   0.0121225
6.05   0.012225
6.1   0.0117587
6.15   0.0116687
6.2   0.0120335
6.25   0.0120149
6.3   0.011362
6.35   0.0115586
6.4   0.0113947
6.45   0.0110642
6.5   0.0106704
6.55   0.0111792
6.6   0.0110848
6.65   0.0104637
6.7   0.0102216
6.75   0.0108945
6.8   0.0102303
6.85   0.010114
6.9   0.0105909
6.95   0.00969385
7   0.0099071
7.05   0.00992495
7.1   0.00944155
7.15   0.00974963
7.2   0.00974705
7.25   0.00960685
7.3   0.00945744
7.35   0.00913979
7.4   0.00945318
7.45   0.00913285
7.5   0.00907466
7.55   0.00908975
7.6   0.00889389
7.65   0.00885586
7.7   0.00874206
7.75   0.00874348
7.8   0.00863044
7.85   0.00861865
7.9   0.00824073
7.95   0.00837279
8   0.00833636
8.05   0.00829542
8.1   0.00824831
8.15   0.00806548
8.2   0.00793437
8.25   0.00795292
8.3   0.00773093
8.35   0.00756249
8.4   0.00770156
8.45   0.00790737
8.5   0.00769065
8.55   0.00735932
8.6   0.00752212
8.65   0.00755321
8.7   0.00723424
8.75   0.00719057
8.8   0.00709232
8.85   0.00702278
8.9   0.0071529
8.95   0.00698745
9   0.00716768
9.05   0.00677343
9.1   0.00698355
9.15   0.00705446
9.2   0.00668239
9.25   0.00675356
9.3   0.00698496
9.35   0.00662224
9.4   0.00680752
9.45   0.00646267
9.5   0.00640946
9.55   0.00666609
9.6   0.00636068
9.65   0.00643451
9.7   0.00626085
9.75   0.00632358
9.8   0.00628303
9.85   0.00618772
9.9   0.00607738
9.95   0.00620626
