# T    susceptibilidad
1   6.17432e-05
1.05   8.82947e-05
1.1   0.000120255
1.15   0.000180022
1.2   0.000238862
1.25   0.00030129
1.3   0.000433562
1.35   0.000521455
1.4   0.000641991
1.45   0.000869383
1.5   0.00114058
1.55   0.0951519
1.6   0.515065
1.65   0.577466
1.7   0.528214
1.75   0.533613
1.8   0.507719
1.85   0.491393
1.9   0.446888
1.95   0.448503
2   0.400801
2.05   0.40805
2.1   0.387013
2.15   0.361495
2.2   0.344621
2.25   0.326889
2.3   0.306857
2.35   0.289221
2.4   0.267489
2.45   0.250146
2.5   0.234268
2.55   0.220676
2.6   0.203532
2.65   0.19058
2.7   0.176704
2.75   0.163581
2.8   0.152444
2.85   0.142059
2.9   0.131864
2.95   0.123756
3   0.11651
3.05   0.107906
3.1   0.102307
3.15   0.0952501
3.2   0.0903415
3.25   0.0841831
3.3   0.0790513
3.35   0.0751019
3.4   0.0718586
3.45   0.0680031
3.5   0.065368
3.55   0.0614689
3.6   0.058761
3.65   0.0563749
3.7   0.0530517
3.75   0.0508774
3.8   0.048561
