# List
0.834038
0.126481
0.656932
0.499093
0.650007
0.743731
0.828732
0.696533
0.0131338
0.67478
0.426654
0.273542
0.0457304
0.844466
0.433267
0.334624
0.261233
0.874856
0.466377
0.489648
0.325046
0.404797
0.475298
0.497079
0.865885
0.52959
0.487872
0.106138
0.304274
0.830065
0.120832
0.364169
0.720096
0.244352
0.107961
0.642504
0.991788
0.955678
0.484541
0.763787
0.566619
0.353428
0.809812
0.54019
0.615816
0.593189
0.737469
0.188621
0.243422
0.731348
0.0462719
0.0420157
0.680153
0.136303
0.858655
0.0403182
0.773349
0.201631
0.206397
0.718421
0.811557
0.468486
0.306743
0.112761
0.846793
0.27691
0.486356
0.817228
0.779919
0.209422
0.587669
0.575761
0.580812
0.990431
0.145584
0.2711
0.180762
0.503229
0.295789
0.718563
0.648646
0.417848
0.958118
0.170451
0.109518
0.526998
0.982004
0.236953
0.89551
0.616322
0.625253
0.715033
0.483313
0.00303995
0.952172
0.612437
0.810715
0.986016
0.600666
0.287439
0.289148
0.518003
0.901526
0.304277
0.234738
0.128489
0.233194
0.347047
0.646902
0.0451498
0.915488
0.692812
0.0430831
0.600794
0.898918
0.973314
0.640809
0.826027
0.0395969
0.854943
0.638378
0.82059
0.884487
0.370541
0.00635789
0.662094
0.114662
0.84066
0.89398
0.981655
0.861977
0.164501
0.318379
0.716531
0.345024
0.962556
0.086954
0.270095
0.160532
0.355394
0.552314
0.442912
0.073545
0.931882
0.501309
0.882091
0.929379
0.65793
0.0107157
0.688549
0.975967
0.967486
0.58955
0.754047
0.273171
0.966145
0.705723
0.872289
0.165359
0.994748
0.139815
0.586731
0.800776
0.692714
0.684618
0.685229
0.21728
0.384548
0.388494
0.0623626
0.349206
0.161587
0.973427
0.998509
0.269527
0.330852
0.592794
0.529784
0.203049
0.232215
0.292524
0.575067
0.84316
0.235035
0.879922
0.618487
0.931917
0.66207
0.529219
0.578326
0.413758
0.687847
0.461601
0.454189
0.646507
0.021411
0.296427
0.455247
0.738672
0.977135
0.91844
0.261298
0.524122
0.0205329
0.351892
0.959087
0.984143
0.890267
0.417235
0.921001
0.158694
0.919047
0.38876
0.893171
0.572962
0.602968
0.421816
0.837697
0.00538337
0.524505
0.765523
0.0141197
0.532295
0.207287
0.926282
0.0105278
0.933415
0.762173
0.535831
0.0212881
0.959016
0.213512
0.116867
0.187042
0.353406
0.87348
0.155253
0.196633
0.200601
0.88608
0.52925
0.968302
0.0986526
0.339522
0.497423
0.05988
0.434199
0.840573
0.428726
0.238152
0.371539
0.621335
0.86929
0.834514
0.527387
0.80685
0.175327
0.319187
0.631148
0.151359
0.454156
0.704727
0.388383
0.115609
0.283148
0.611906
0.2225
0.320831
0.861861
0.930596
0.277961
0.972921
0.667385
0.896672
0.844667
0.486883
0.775211
0.588987
0.717546
0.785805
0.283225
0.972921
0.28793
0.80205
0.802172
0.755138
0.483687
0.0741753
0.0807854
0.891256
0.733136
0.716027
0.7856
0.481872
0.370591
0.748223
0.724856
0.0195991
0.844189
0.50713
0.231577
0.937053
0.158311
0.869387
0.799584
0.400958
0.0195902
0.44868
0.191515
0.477396
0.821323
0.0763602
0.85753
0.0705595
0.121233
0.407827
0.102646
0.826238
0.870178
0.659857
0.152113
0.121452
0.749904
0.569187
0.980673
0.813903
0.659899
0.295763
0.0419662
0.82055
0.219833
0.706789
0.176162
0.084962
0.104661
0.578266
0.336102
0.137822
0.0852877
0.787599
0.478337
0.923763
0.0973101
0.340007
0.909877
0.97853
0.775648
0.286744
0.792113
0.0712531
0.996412
0.760864
0.127695
0.420974
0.598612
0.161746
0.395101
0.112437
0.133481
0.585843
0.642543
0.0797305
0.96311
0.599914
0.462614
0.191641
0.325164
0.906653
0.848488
0.718461
0.623948
0.180218
0.174754
0.864819
0.188124
0.200582
0.834306
0.42758
0.470092
0.489126
0.359366
0.712913
0.580371
0.0122637
0.547916
0.810675
0.0213022
0.42891
0.821933
0.189886
0.760139
0.105216
0.96616
0.580838
0.841357
0.538284
0.180873
0.57221
0.560469
0.244538
0.93788
0.260747
0.21928
0.489863
0.53259
0.0584041
0.531475
0.508217
0.234549
0.927873
0.886507
0.013673
0.217033
0.230469
0.845643
0.613309
0.194847
0.431104
0.186324
0.544834
0.494193
0.0522759
0.51794
0.66325
0.255517
0.629127
0.347244
0.853207
0.233998
0.376485
0.804189
0.677916
0.862259
0.987186
0.603413
0.963015
0.31785
0.504214
0.256963
0.672664
0.374398
0.241203
0.710073
0.986918
0.853789
0.460738
0.181141
0.931847
0.925284
0.0836763
0.96033
0.896233
0.50205
0.564288
0.0127199
0.109343
0.596873
0.675383
0.863437
0.791266
0.125414
0.501777
0.858151
0.552245
0.896676
0.992427
0.822613
0.552868
0.424681
0.912919
0.387987
0.683723
0.143153
0.0450117
0.03768
0.830199
0.106958
0.192856
0.0578855
0.542953
0.955301
0.69106
0.404212
0.128554
0.443872
0.207251
0.347983
0.716502
0.574776
0.0923711
0.504996
0.862431
0.921513
0.123596
0.462402
0.900413
0.626463
0.0935975
0.908911
0.775108
0.439764
0.509472
0.885663
0.666741
0.259787
0.340285
0.814336
0.311975
0.874229
0.924865
0.685224
0.0837046
0.45689
0.635194
0.20836
0.274063
0.951618
0.453981
0.116336
0.339884
0.803064
0.314846
0.762372
0.900661
0.464776
0.606743
0.191514
0.0567991
0.540918
0.703425
0.147594
0.0686849
0.31924
0.187946
0.351316
0.0132107
0.923109
0.923143
0.908393
0.768474
0.376034
0.314205
0.962057
0.836668
0.366167
0.715147
0.525626
0.694232
0.572482
0.828166
0.369352
0.027512
0.715683
0.493783
0.689021
0.265355
0.64233
0.741937
0.478783
0.273221
0.754814
0.114311
0.0345367
0.0977896
0.743338
0.527998
0.950718
0.27745
0.577856
0.645386
0.722321
0.781698
0.598149
0.613851
0.192236
0.762519
0.362295
0.697373
0.355792
0.399265
0.745409
0.143793
0.907271
0.310147
0.776281
0.712705
0.926926
0.0930051
0.816855
0.144956
0.099203
0.131703
0.985889
0.952675
0.0404477
0.374426
0.132138
0.700722
0.261748
0.0103495
0.411247
0.0331806
0.359747
0.288231
0.815991
0.926734
0.277058
0.655752
0.44431
0.95064
0.177025
0.454067
0.633713
0.971572
0.376832
0.123285
0.6083
0.974085
0.696231
0.418438
0.519372
0.997034
0.319891
0.945331
0.852467
0.558632
0.797453
0.756873
0.0429232
0.411395
0.480928
0.0975209
0.193652
0.983491
0.247629
0.62177
0.835026
0.191572
0.24409
0.342294
0.567069
0.0364489
0.651092
0.500542
0.174143
0.381978
0.850507
0.49399
0.375686
0.822225
0.791024
0.740774
0.714623
0.608313
0.005002
0.667566
0.713427
0.834269
0.549012
0.284869
0.00275674
0.134247
0.205176
0.578389
0.430101
0.637049
0.674039
0.326757
0.570721
0.713595
0.213864
0.308167
0.937787
0.123242
0.2174
0.910043
0.405498
0.197536
0.15516
0.205289
0.601066
0.434072
0.300008
0.0122147
0.456462
0.851497
0.335216
0.305592
0.638382
0.686031
0.818577
0.438869
0.914241
0.81938
0.936101
0.0430956
0.197918
0.444337
0.111476
0.431925
0.405153
0.959185
0.641829
0.776022
0.606422
0.439594
0.845414
0.605593
0.470093
0.310379
0.710247
0.253468
0.780267
0.156533
0.552872
0.0477556
0.532392
0.144389
0.0203624
0.664526
0.98383
0.178409
0.813379
0.0623889
0.417729
0.76936
0.120578
0.125646
0.194649
0.0632538
0.575938
0.36346
0.543277
0.244624
0.997722
0.906024
0.243167
0.996119
0.324226
0.527403
0.873622
0.922173
0.122154
0.360917
0.810214
0.10241
0.735024
0.00681347
0.0400801
0.342883
0.295589
0.780852
0.131064
0.18344
0.310957
0.13436
0.196714
0.320223
0.631144
0.630429
0.281274
0.162672
0.624501
0.264354
0.909385
0.183109
0.223817
0.840547
0.28565
0.29708
0.727054
0.456368
0.497256
0.0873754
0.104946
0.294535
0.553847
0.39101
0.979294
0.91092
0.926212
0.354202
0.445946
0.53632
0.8305
0.335268
0.487832
0.579344
0.627248
0.155928
0.90487
0.798011
0.714344
0.64865
0.21874
0.0620605
0.0551715
0.207086
0.812257
0.214079
0.421433
0.284844
0.651894
0.921347
0.742186
0.676063
0.0530649
0.451097
0.294709
0.717323
0.143394
0.994059
0.212121
0.674287
0.87039
0.975877
0.458261
0.696536
0.747166
0.275682
0.990194
0.43804
0.909795
0.7501
0.184542
0.13404
0.549233
0.614751
0.521377
0.757012
0.459724
0.731983
0.175782
0.705392
0.663725
0.734693
0.359655
0.632539
0.163517
0.503459
0.328867
0.822288
0.570108
0.477843
0.230334
0.99222
0.211594
0.698464
0.879582
0.183597
0.983085
0.858859
0.309612
0.842894
0.243859
0.701966
0.0937468
0.797025
0.180588
0.717662
0.923345
0.577451
0.209667
0.956363
0.169635
0.0680781
0.252683
0.0641236
0.735287
0.120957
0.277538
0.234414
0.911391
0.38939
0.677719
0.715614
0.749472
0.34287
0.106328
0.935485
0.226306
0.646241
0.277112
0.306906
0.800813
0.555619
0.956361
0.437377
0.104092
0.959885
0.745073
0.209461
0.86048
0.00534162
0.350032
0.40177
0.190022
0.623414
0.364969
0.794677
0.249453
0.531468
0.312933
0.791302
0.547334
0.370461
0.812375
0.135807
0.565564
0.964368
0.156277
0.266867
0.0511545
0.545572
0.899699
0.199557
0.177201
0.970136
0.720189
0.958486
0.70404
0.232901
0.692724
0.232174
0.263305
0.907379
0.46823
0.150738
0.952659
0.460191
0.389036
0.475969
0.307624
0.909459
0.776358
0.713396
0.403767
0.568081
0.85909
0.658322
0.754086
0.022048
0.415718
0.174681
0.219191
0.381851
0.700983
0.583982
0.472512
0.872404
0.600883
0.434585
0.308297
0.845508
0.0781859
0.309363
0.386091
0.223076
0.765937
0.375285
0.0416984
0.933663
0.0644329
0.0644132
0.499749
0.494504
0.368671
0.595082
0.398423
0.069049
0.403994
0.619343
0.476832
0.419404
0.717208
0.676348
0.38003
0.718055
0.969671
0.66897
0.442594
0.566191
0.307819
0.507697
0.786942
0.173939
0.418624
0.988471
0.252436
0.438698
0.108874
0.170662
0.981986
0.287889
0.876974
0.42536
0.446024
0.951423
0.375846
0.380754
0.645595
0.0626614
0.687297
0.541101
0.972149
0.0885331
0.217133
0.720462
0.717879
0.756014
0.734364
0.426455
0.780668
0.632524
0.662732
0.242063
0.573828
0.738806
0.861364
0.178814
0.438797
0.496695
0.0798742
0.220085
0.750447
0.197511
0.282389
0.68988
0.203527
0.894574
0.529904
0.178483
0.387675
0.0939657
0.0474993
0.899918
0.127502
0.147414
0.301993
0.291856
0.265417
0.348126
0.471486
0.00168517
0.0609352
0.86021
0.738803
0.512127
0.443582
0.116567
0.908672
0.626155
0.558284
0.90063
0.537218
0.945561
0.613509
0.415754
0.772181
0.651525
0.514242
0.0041121
0.108282
0.760319
0.0567273
0.108765
0.239294
0.572395
0.918179
0.798347
0.540694
0.915962
0.889353
0.355688
0.204775
0.516562
0.580374
0.495461
0.588087
0.425275
0.474755
0.887643
0.180315
0.934152
0.998862
0.458002
0.580521
0.928901
0.810307
0.179536
0.725134
0.0677846
0.142917
0.449679
0.60843
0.114574
0.532797
0.505474
0.943411
0.747028
0.524709
0.178867
0.606325
0.0206584
0.595425
0.307358
0.0121458
0.0489988
0.440036
0.911953
0.12763
0.466265
0.526466
0.458219
0.611841
0.813969
0.671341
0.405612
0.316451
0.932627
0.763401
0.018212
0.790182
0.760729
0.987178
0.435011
0.360519
0.577915
0.0794924
0.568391
0.0191367
0.0693558
0.428903
0.823402
0.125558
0.315702
0.703899
0.275586
0.506271
0.790096
0.774497
0.610674
0.963947
0.279271
0.378141
0.181727
0.328868
0.583776
0.857983
0.573361
0.618718
0.946654
0.331437
0.796513
0.240279
0.894542
0.830107
0.0640141
0.280782
0.445565
0.572751
0.848473
0.593507
0.993853
0.871679
0.377582
0.857203
0.223853
0.373714
0.533876
0.578846
0.402088
0.11554
0.5925
0.153413
0.925076
0.406167
0.475174
0.0658659
0.306461
0.941864
0.117836
0.812354
0.428106
0.22617
0.674824
0.110726
0.899085
0.0130856
0.221981
0.495358
0.800708
0.968675
0.69116
0.706498
0.40203
0.509059
0.217867
0.920569
0.192763
0.816333
0.367547
0.0461777
0.674437
0.309914
0.178229
0.04249
0.866133
0.254934
0.855789
0.354345
0.425317
0.395873
0.206203
0.366441
0.397368
0.93225
0.00483608
0.534165
0.823267
0.653615
0.296869
0.363691
0.247868
0.102305
0.888653
0.568315
0.776535
0.990172
0.295695
0.261668
0.511955
0.399525
0.727355
0.119908
0.227596
0.077551
0.600599
0.414759
0.190469
0.690958
0.0133351
0.326165
0.820654
0.216953
0.806847
0.0783669
0.919249
0.134321
0.471791
0.621929
0.121944
0.114509
0.126973
0.504504
0.816339
0.296949
0.133612
0.703684
0.0652051
0.00923065
0.185771
0.047074
0.877991
0.572457
0.533138
0.518239
0.209183
0.915376
0.978477
0.38208
0.27105
0.383392
0.0706188
0.689544
0.0437853
0.865287
0.753419
0.367969
0.14035
0.671309
0.417019
0.764395
0.0768188
0.284564
0.599627
0.443751
0.269418
0.56702
0.738773
0.597302
0.36968
0.420949
0.619761
0.862074
0.839396
0.226141
0.509901
0.199564
0.584362
0.647729
0.349267
0.89849
0.689991
0.199211
0.314825
0.615062
0.266867
0.224991
0.884041
0.718476
0.503144
0.697489
0.614724
0.941765
0.465497
0.369204
0.18415
0.609778
0.803034
0.199792
0.866363
0.323762
0.306169
0.0391881
0.095848
0.856177
0.234456
0.684935
0.95421
0.430608
0.96431
0.794734
0.0867467
0.395419
0.813277
0.0411844
0.0165807
0.806443
0.678932
0.892011
0.397287
0.0101484
0.733977
0.759692
0.646296
0.989004
0.823777
0.270044
0.958217
0.496425
0.131784
0.694337
0.793927
0.929407
0.236788
0.95797
0.230844
0.226821
0.801257
0.311215
0.890801
0.886319
0.803758
0.517245
0.334521
0.0854793
0.243661
0.83009
0.698112
0.582916
0.208821
0.236374
0.0760585
0.239808
0.409849
0.373557
0.551954
0.772502
0.718921
0.364685
0.412953
0.836968
0.43487
0.617406
0.957664
0.212912
0.740124
0.684475
0.419761
0.234155
0.978939
0.607527
0.283191
0.500854
0.374236
0.320176
0.827945
0.163263
0.257296
0.264437
0.477414
0.495588
0.856096
0.180962
0.928871
0.328728
0.415367
0.316508
0.324899
0.413865
0.143343
0.584908
0.270879
0.430564
0.194949
0.999656
0.121746
0.126679
0.582541
0.709536
0.632211
0.681857
0.382383
0.454861
0.395868
0.853382
0.0583048
0.0289922
0.461528
0.102825
0.393828
0.545494
0.230704
0.207174
0.35735
0.554813
0.30719
0.864916
0.2928
0.732888
0.879754
0.426444
0.898139
0.248508
0.888342
0.824074
0.947365
0.111915
0.405136
0.978489
0.594421
0.896645
0.346358
0.0631503
0.335897
0.744625
0.619515
0.143088
0.412323
0.0260659
0.584509
0.791704
0.084875
0.577687
0.161305
0.920034
0.286225
0.799339
0.344081
0.986584
0.269067
0.204242
0.160735
0.239707
0.205445
0.397975
0.804718
0.301549
0.389502
0.122859
0.223248
0.152869
0.977662
0.447914
0.630698
0.39051
0.84231
0.482593
0.829503
0.635255
0.797315
0.382341
0.479517
0.929274
0.27346
0.289808
0.310977
0.279748
0.689421
0.575381
0.750294
0.373468
0.897535
0.905057
0.706578
0.0396058
0.497987
0.0166707
0.329772
0.530315
0.148047
0.0203069
0.527673
0.457434
0.0729602
0.876392
0.824854
0.783779
0.917336
0.765617
0.329961
0.871989
0.598041
0.864105
0.565452
0.38732
0.0413122
0.942776
0.486462
0.983025
0.665339
0.499374
0.995006
0.5445
0.729165
0.682553
0.751717
0.584048
0.87354
0.40658
0.136735
0.518892
0.990599
0.446039
0.834261
0.598058
0.248306
0.892093
0.841449
0.926876
0.0443635
0.313639
0.804025
0.971184
0.962924
0.00454568
0.683249
0.899877
0.451286
0.679308
0.00426478
0.6112
0.648071
0.680972
0.687854
0.204286
0.348334
0.315843
0.735742
0.541574
0.076993
0.570297
0.812852
0.793018
0.762467
0.852228
0.53487
0.621645
0.382146
0.272452
0.260986
0.855802
0.248446
0.0300047
0.354609
0.59475
0.241574
0.0947361
0.278011
0.288756
0.171319
0.275355
0.918987
0.55778
0.577838
0.218748
0.100109
0.767022
0.341969
0.769743
0.101245
0.198469
0.249144
0.0750969
0.137203
0.0066779
0.453047
0.171926
0.687441
0.364491
0.613717
0.998925
0.606746
0.486178
0.108098
0.753355
0.865032
0.358357
0.963783
0.717248
0.107893
0.77182
0.237076
0.781043
0.322967
0.223552
0.837281
0.99041
0.524286
0.844151
0.727521
0.176101
0.930192
0.266729
0.312768
0.403464
0.863128
0.88795
0.345876
0.837702
0.577748
0.410154
0.392857
0.839605
0.932049
0.674539
0.478168
0.523955
0.512856
0.157467
0.516498
0.0148824
0.0800366
0.0294008
0.783852
0.17984
0.954045
0.918135
0.845006
0.116819
0.848807
0.785146
0.66791
0.370111
0.886174
0.410932
0.139248
0.444634
0.544169
0.65184
0.717076
0.329343
0.38773
0.717319
0.123013
0.411951
0.840228
0.810167
0.677593
0.650764
0.332014
0.807398
0.434866
0.0436013
0.154732
0.851095
0.163935
0.772262
0.141901
0.990413
0.390459
0.0608201
0.112606
0.899025
0.746908
0.706072
0.275422
0.395994
0.913962
0.0318699
0.559245
0.0220892
0.242961
0.0568353
0.896626
0.536828
0.993381
0.0645309
0.963753
0.54073
0.228057
0.204984
0.919165
0.978904
0.72444
0.695109
0.221024
0.983472
0.314275
0.870996
0.895966
0.296469
0.534826
0.434735
0.421435
0.204677
0.422388
0.979351
0.521609
0.126944
0.694366
0.321743
0.70985
0.845311
0.0497976
0.959594
0.231391
0.715288
0.204334
0.279676
0.772165
0.707195
0.75697
0.547838
0.80096
0.921618
0.0730361
0.57254
0.439905
0.768308
0.114959
0.749507
0.0866003
0.297897
0.17936
0.735831
0.479689
0.454857
0.0915576
0.014049
0.825896
0.302061
0.366543
0.551785
0.26635
0.894467
0.541545
0.103027
0.740001
0.559611
0.276314
0.523456
0.516902
0.65503
0.262605
0.715162
0.254487
0.53253
0.593197
0.183755
0.980314
0.213537
0.176477
0.77524
0.925076
0.358781
0.506184
0.656828
0.228409
0.110309
0.916384
0.551714
0.14842
0.120357
0.930671
0.145513
0.821867
0.13816
0.516575
0.379262
0.589931
0.957368
0.947577
0.900493
0.80148
0.504466
0.176559
0.132625
0.0843703
0.824936
0.871539
0.558636
0.333918
0.747453
0.633076
0.984933
0.34503
0.897022
0.839184
0.446048
0.639625
0.0588727
0.840315
0.154512
0.0453192
0.319166
0.279791
0.806299
0.370667
0.78897
0.514004
0.52544
0.515044
0.537853
0.739863
0.587399
0.233011
0.488417
0.771426
0.745899
0.327904
0.428583
0.676701
0.658474
0.31985
0.0311565
0.11186
0.843391
0.424168
0.291955
0.0428161
0.927755
0.436905
0.404638
0.411981
0.058028
0.973674
0.573928
0.50075
0.713802
0.0334053
0.772485
0.374866
0.297526
0.621046
0.871427
0.384041
0.769531
0.673859
0.994045
0.704217
0.616478
0.844239
0.0345375
0.0101424
0.589808
0.012151
0.623036
0.0839029
0.0656928
0.180434
0.396436
0.662387
0.321406
0.845962
0.166241
0.355089
0.577196
0.864414
0.219733
0.0365051
0.987279
0.921653
0.185307
0.97894
0.926115
0.917411
0.898667
0.803514
0.997476
0.882525
0.570699
0.775946
0.357208
0.941945
0.374848
0.642958
0.284093
0.744512
0.391471
0.707257
0.00579368
0.338565
0.586314
0.627727
0.420308
0.737653
0.626991
0.372377
0.051038
0.114392
0.951693
0.292203
0.823759
0.763535
0.0509588
0.139785
0.658053
0.201573
0.741904
0.386813
0.275029
0.779216
0.692993
0.868678
0.481763
0.646873
0.906799
0.921678
0.22284
0.544136
0.744006
0.0335177
0.738785
0.705836
0.277633
0.974141
0.212928
0.946819
0.575914
0.193009
0.195641
0.647233
0.286255
0.530668
0.286287
0.38959
0.837161
0.0677938
0.120523
0.672229
0.668281
0.465113
0.67657
0.00164277
0.248774
0.416294
0.809138
0.678015
0.143804
0.0711109
0.4558
0.555677
0.347274
0.655432
0.716504
0.776398
0.633564
0.182744
0.656545
0.55183
0.692383
0.451434
0.827517
0.0583332
0.941917
0.487412
0.465614
0.236855
0.538126
0.773071
0.0306625
0.245345
0.501564
0.732178
0.789703
0.353302
0.923146
0.24715
0.460882
0.229116
0.795338
0.652022
0.616847
0.43076
0.770372
0.743073
0.106819
0.346658
0.435517
0.0588017
0.192938
0.242696
0.348588
0.0710715
0.875082
0.809262
0.0322193
0.777792
0.209465
0.284949
0.449379
0.442058
0.350796
0.417212
0.129397
0.809375
0.0475492
0.347228
0.90018
0.7073
0.17704
0.601755
0.748473
0.465121
0.183211
0.894334
0.361294
0.53254
0.155491
0.189956
0.50551
0.308719
0.164228
0.762994
0.294224
0.515507
0.279076
0.384012
0.117248
0.946772
0.411403
0.134356
0.217458
0.826204
0.0632506
0.387658
0.589367
0.916772
0.299903
0.0497344
0.571423
0.385661
0.368785
0.175101
0.252962
0.823298
0.469806
0.585853
0.600788
0.151928
0.901802
0.237106
0.681365
0.454047
0.807208
0.415018
0.635815
0.33079
0.812484
0.114809
0.493087
0.91316
0.652693
0.0994091
0.396438
0.845422
0.775808
0.352201
0.0612721
0.781768
0.333963
0.774996
0.464424
0.4618
0.922607
0.846685
0.166043
0.959361
0.789342
0.0582584
0.303801
0.103798
0.816906
0.32353
0.624467
0.977965
0.720475
0.371562
0.644678
0.964783
0.465093
0.277903
0.559997
0.868406
0.809615
0.0403824
0.828844
0.319328
0.336314
0.701262
0.440356
0.461741
0.827818
0.425054
0.818194
0.395134
0.896276
0.0885938
0.165323
0.19174
0.874258
0.134393
0.344398
0.321843
0.0862465
0.0833159
0.541241
0.848428
0.683213
0.0122062
0.15898
0.965096
0.955007
0.277558
0.746473
0.391699
0.310653
0.633466
0.403662
0.815076
0.568936
0.245906
0.542139
0.1671
0.1183
0.463178
0.26585
0.809942
0.268827
0.470533
0.922732
0.97631
0.53492
0.0982452
0.864036
0.845196
0.0184002
0.0706531
0.445927
0.999975
0.734531
0.347711
0.765494
0.667872
0.401634
0.5107
0.41479
0.111506
0.928338
0.914951
0.195362
0.530723
0.732201
0.490639
0.753248
0.407402
0.334763
0.243526
0.647555
0.84988
0.205427
0.419304
0.0471437
0.559503
0.954194
0.682972
0.48046
0.713783
0.209095
0.17525
0.189158
0.908147
0.499041
0.632312
0.545967
0.0366543
0.767357
0.418405
0.0734506
0.526148
0.249544
0.694528
0.8696
0.242307
0.210904
0.788932
0.144688
0.288049
0.0245215
0.93857
0.131988
0.225747
0.49699
0.851058
0.242432
0.960677
0.462362
0.288619
0.174987
0.582076
0.574023
0.757501
0.335986
0.0986356
0.264053
0.765495
0.0961036
0.940798
0.47128
0.256218
0.145343
0.935765
0.461815
0.703794
0.482313
0.777198
0.0650654
0.717351
0.625506
0.179017
0.708614
0.0125745
0.954824
0.105625
0.493297
0.711308
0.939224
0.0107725
0.646468
0.941106
0.636779
0.324506
0.252758
0.794327
0.840779
0.0251503
0.0859648
0.641009
0.924892
0.679557
0.212433
0.731747
0.435113
0.8039
0.0735665
0.598529
0.451409
0.299134
0.623964
0.710425
0.275899
0.0199989
0.874316
0.43143
0.233335
0.918855
0.944272
0.0161029
0.424568
0.929182
0.345066
0.507325
0.154532
0.717596
0.609001
0.506398
0.90974
0.075589
0.164866
0.337705
0.587364
0.532133
0.0477735
0.492693
0.415588
0.158666
0.170364
0.356715
0.316998
0.499129
0.740424
0.0760611
0.690913
0.198794
0.625285
0.21664
0.244176
0.787747
0.538918
0.0137231
0.920375
0.552365
0.760679
0.663774
0.961613
0.95024
0.771083
0.424689
0.659943
0.0871664
0.105315
0.782584
0.315392
0.988467
0.945454
0.968236
0.377563
0.13406
0.768975
0.709215
0.761947
0.553485
0.524477
0.770037
0.160799
0.487684
0.716637
0.0396084
0.159838
0.823803
0.406171
0.378081
0.523408
0.321178
0.857407
0.225649
0.443604
0.33181
0.353095
0.105757
0.46975
0.94979
0.357235
0.798048
0.588692
0.656524
0.813395
0.45059
0.516772
0.849368
0.252174
0.352731
0.0730039
0.907554
0.0233956
0.870821
0.760942
0.668568
0.407547
0.21888
0.300709
0.682426
0.700047
0.794208
0.751154
0.368639
0.254286
0.938371
0.370714
0.861013
0.639134
0.832545
0.849706
0.436048
0.479454
0.181824
0.0794434
0.667758
0.523332
0.703157
0.733942
0.729671
0.0411307
0.22599
0.239858
0.0277326
0.593934
0.848637
0.463435
0.709986
0.903111
0.469958
0.94871
0.307443
0.12405
0.531382
0.953068
0.659549
0.440026
0.525683
0.0311586
0.312259
0.471671
0.977006
0.654924
0.904575
0.484928
0.86534
0.0644995
0.309218
0.739339
0.347119
0.37722
0.13023
0.101469
0.139097
0.102063
0.922771
0.239497
0.211917
0.823474
0.140684
0.857616
0.329679
0.407196
0.617703
0.989702
0.584241
0.583548
0.929867
0.606782
0.252649
0.425371
0.094905
0.0170674
0.730095
0.0432026
0.922649
0.0529914
0.885358
0.507484
0.78604
0.823746
0.336032
0.883331
0.908098
0.119998
0.840854
0.675661
0.146339
0.883531
0.316522
0.0724944
0.731137
0.650585
0.818962
0.0695132
0.0975204
0.765598
0.234832
0.391131
0.395421
0.13619
0.150714
0.229556
0.238594
0.632738
0.234099
0.376258
0.982768
0.737429
0.171146
0.360316
0.435874
0.418992
0.718714
0.989815
0.113659
0.48767
0.748609
0.198437
0.963122
0.917097
0.482085
0.676413
0.913889
0.22094
0.442774
0.51256
0.716921
0.470274
0.629934
0.8564
0.985582
0.0982107
0.590709
0.731132
0.104273
0.515384
0.201633
0.100015
0.166631
0.35542
0.695953
0.937446
0.451579
0.63989
0.25569
0.222121
0.826933
0.691238
0.76458
0.712513
0.926297
0.857092
0.28314
0.854386
0.199798
0.0510014
0.872509
0.927718
0.0496885
0.41408
0.966406
0.796139
0.152342
0.163476
0.749875
0.597497
0.293893
0.405516
0.978591
0.630242
0.189913
0.63925
0.35054
0.0665428
0.32464
0.0486538
0.545107
0.239567
0.323864
0.741077
0.0737377
0.417384
0.166858
0.785981
0.803901
0.603305
0.945776
0.664045
0.221711
0.802201
0.143255
0.802272
0.824398
0.666815
0.876551
0.593046
0.470147
0.761558
0.851219
0.199554
0.558409
0.971847
0.537241
0.102223
0.610951
0.8298
0.0665499
0.238656
0.46088
0.777945
0.611829
0.709883
0.153529
0.86057
0.758278
0.948661
0.800959
0.208141
0.791118
0.836742
0.0507685
0.961114
0.886136
0.967587
0.372113
0.852177
0.978953
0.767097
0.214329
0.934166
0.959291
0.455512
0.509828
0.332372
0.24599
0.518785
0.128352
0.197031
0.667948
0.0784616
0.1051
0.253631
0.384889
0.925552
0.782685
0.652409
0.663434
0.725372
0.765819
0.537671
0.608966
0.0346797
0.690752
0.914611
0.768504
0.932701
0.453981
0.178923
0.945001
0.523696
0.744773
0.0539005
0.369288
0.592567
0.696525
0.895462
0.584923
0.125937
0.585636
0.172958
0.979976
0.63267
0.768202
0.381304
0.408891
0.187094
0.074992
0.190011
0.218666
0.336896
0.609058
0.799424
0.342879
0.440817
0.426885
0.418755
0.348908
0.400625
0.800207
0.948059
0.714561
0.146823
0.401567
0.488176
0.983774
0.424775
0.809236
0.338673
0.259686
0.538398
0.0698139
0.989047
0.148251
0.979988
0.128068
0.885714
0.438663
0.351065
0.0248101
0.178468
0.102552
0.892542
0.403781
0.284212
0.39406
0.862269
0.747408
0.263632
0.00419595
0.472713
0.561024
0.449765
0.759133
0.929555
0.839776
0.740494
0.942051
0.982136
0.800359
0.549389
0.705138
0.937728
0.310828
0.287437
0.978657
0.496598
0.183222
0.550109
0.658631
0.305769
0.687673
0.910841
0.806006
0.964919
0.0837205
0.239457
0.0172105
0.511528
0.423948
0.425759
0.0437752
0.228213
0.579113
0.689617
0.213747
0.213511
0.937462
0.334313
0.45171
0.247329
0.144145
0.196391
0.599218
0.451141
0.552828
0.648739
0.111016
0.721698
0.251234
0.657395
0.715374
0.66118
0.621089
0.822062
0.196203
0.612016
0.38464
0.574625
0.197256
0.588913
0.283001
0.333324
0.0989631
0.843471
0.0830893
0.831774
0.225926
0.614508
0.144678
0.056904
0.455524
0.7328
0.178044
0.653766
0.310786
0.122804
0.262689
0.105147
0.0354214
0.733332
0.300984
0.737453
0.42973
0.624191
0.526198
0.950224
0.402187
0.554865
0.446539
0.431933
0.526235
0.368731
0.467464
0.535358
0.136928
0.51472
0.576559
0.508025
0.971998
0.843447
0.923559
0.485338
0.876293
0.319146
0.00235924
0.623005
0.764293
0.159087
0.829304
0.659229
0.902169
0.854218
0.0607516
0.394663
0.642097
0.291102
0.0102482
0.900628
0.928793
0.787969
0.839259
0.736496
0.120088
0.947742
0.689422
0.731995
0.59503
0.404591
0.770529
0.0600927
0.564266
0.102897
0.666116
0.277691
0.80204
0.849334
0.216625
0.947728
0.664996
0.741632
0.87693
0.143923
0.770881
0.519756
0.580822
0.773838
0.0855943
0.111908
0.849013
0.457451
0.0730012
0.917874
0.687672
0.0709701
0.644138
0.192181
0.369728
0.925094
0.420358
0.353776
0.0914436
0.924258
0.214056
0.670401
0.0929588
0.736175
0.0368575
0.686902
0.545217
0.564059
0.774139
0.480572
0.13407
0.702548
0.749994
0.992012
0.49167
0.3291
0.801006
0.47414
0.931487
0.560648
0.650731
0.575939
0.654616
0.115343
0.0180604
0.0986799
0.980254
0.264698
0.245893
0.863394
0.57589
0.934241
0.595138
0.119366
0.803782
0.141736
0.0441641
0.0204464
0.889875
0.395297
0.416657
0.0854059
0.325212
0.542516
0.116025
0.138038
0.890426
0.926915
0.778671
0.452906
0.532705
0.39031
0.273086
0.587468
0.808289
0.429943
0.209701
0.900881
0.270134
0.351319
0.866075
0.786415
0.555017
0.371032
0.27477
0.383838
0.335157
0.154137
0.109338
0.436798
0.0362116
0.925949
0.143158
0.140013
0.0954291
0.510093
0.469688
0.246253
0.223916
0.0539703
0.129033
0.936429
0.44613
0.288878
0.52095
0.244325
0.155485
0.4134
0.741161
0.970857
0.803278
0.950846
0.332915
0.813798
0.231081
0.409428
0.967567
0.872829
0.535618
0.592203
0.699612
0.730782
0.774608
0.00720214
0.625604
0.559437
0.0367998
0.885261
0.738268
0.00514644
0.52045
0.325405
0.255872
0.78616
0.0464546
0.209014
0.715742
0.79412
0.064716
0.0373996
0.68162
0.4336
0.104124
0.291015
0.0415235
0.0897086
0.17931
0.330606
0.14759
0.48798
0.535499
0.949157
0.0231339
0.573728
0.169674
0.0622383
0.826107
0.666155
0.310847
0.159979
0.0166278
0.127518
0.323994
0.225144
0.465771
0.956376
0.995222
0.943815
0.659666
0.0545137
0.399607
0.592888
0.273605
0.309603
0.00942865
0.86519
0.712147
0.941551
0.217194
0.931452
0.593351
0.0672479
0.119155
0.23393
0.18903
0.481111
0.122945
0.814672
0.140235
0.920578
0.672437
0.339954
0.950697
0.350343
0.211081
0.511175
0.324337
0.692064
0.373857
0.572418
0.940268
0.585264
0.741955
0.39726
0.0905029
0.78975
0.37218
0.349538
0.674159
0.0550044
0.323768
0.514001
0.229471
0.0233114
0.718618
0.663529
0.24663
0.241925
0.709969
0.92634
0.0189032
0.922845
0.374948
0.342003
0.406683
0.765656
0.723091
0.672747
0.863429
0.53344
0.720144
0.681544
0.794818
0.30976
0.0108224
0.140065
0.605759
0.169507
0.955545
0.534474
0.509519
0.54936
0.981098
0.543184
0.124644
0.702479
0.527574
0.0637797
0.38715
0.967133
0.106232
0.226952
0.28831
0.929352
0.822779
0.621768
0.707223
0.402949
0.643591
0.256358
0.403854
0.801323
0.132457
0.246733
0.589691
0.410307
0.0878581
0.807213
0.509903
0.702501
0.346863
0.770257
0.936421
0.302857
0.420069
0.73578
0.758138
0.208643
0.445922
0.69648
0.44759
0.0624214
0.311928
0.765469
0.703813
0.0090593
0.951563
0.120092
0.505128
0.698046
0.343573
0.187499
0.405178
0.798844
0.533786
0.463238
0.742143
0.792813
0.702476
0.846386
0.311657
0.164423
0.905166
0.20696
0.378297
0.0977311
0.70514
0.72213
0.0893181
0.493086
0.963838
0.0971369
0.50818
0.102179
0.159591
0.980905
0.0658539
0.739056
0.952512
0.219112
0.301201
0.407474
0.675014
0.824558
0.40077
0.0704435
0.749592
0.00243255
0.379427
0.737349
0.579123
0.231458
0.817658
0.374729
0.481812
0.989529
0.837379
0.253647
0.135877
0.910634
0.406964
0.497581
0.874954
0.95876
0.503224
0.625987
0.405463
0.798969
0.0651349
0.0791756
0.369323
0.271374
0.602081
0.229095
0.56244
0.371167
0.196624
0.54338
0.273989
0.853323
0.605605
0.838045
0.287257
0.550826
0.586746
0.91782
0.725062
0.966844
0.505115
0.642807
0.384825
0.0174034
0.454164
0.743468
0.165306
0.681224
0.40073
0.211533
0.439284
0.0881278
0.66161
0.817003
0.781445
0.275591
0.930221
0.156372
0.954973
0.70707
0.80739
0.0961798
0.515737
0.160263
0.429081
0.306371
0.502836
0.000316184
0.554935
0.298257
0.81876
0.283012
0.249304
0.699227
0.28746
0.920186
0.635857
0.589416
0.874579
0.239316
0.891583
0.36454
0.312105
0.117446
0.321985
0.577705
0.584906
0.447418
0.54029
0.212039
0.695035
0.578189
0.289274
0.547767
0.329846
0.272312
0.786073
0.389132
0.0298841
0.671702
0.424818
0.525786
0.573649
0.137981
0.715002
0.551763
0.544697
0.604822
0.643245
0.313467
0.952796
0.0564298
0.293013
0.527645
0.035129
0.525143
0.408503
0.362281
0.201209
0.0931141
0.285704
0.303315
0.876905
0.34513
0.732832
0.745185
0.397772
0.0398226
0.945054
0.716955
0.833841
0.737436
0.0539751
0.975003
0.877764
0.960933
0.401934
0.505648
0.193279
0.93015
0.703178
0.651298
0.12684
0.524548
0.790193
0.143036
0.302629
0.390997
0.772231
0.78458
0.505371
0.570495
0.761856
0.912472
0.150738
0.0729682
0.489935
0.317413
0.646284
0.575644
0.939482
0.871276
0.91286
0.289693
0.361058
0.818113
0.225333
0.063936
0.413211
0.706518
0.604502
0.361114
0.27185
0.345038
0.580533
0.545461
0.664777
0.369147
0.899355
0.497344
0.41114
0.824466
0.217417
0.175943
0.486209
0.820765
0.764033
0.0402964
0.786503
0.222553
0.494061
0.410734
0.484266
0.0155324
0.517885
0.441783
0.515853
0.301023
0.508737
0.22996
0.160377
0.548931
0.914758
0.560494
0.811891
0.74156
0.740523
0.0440637
0.501092
0.00525884
0.652704
0.521334
0.204213
0.447835
0.382708
0.451696
0.591197
0.306328
0.777412
0.769617
0.185521
0.122673
0.753907
0.147216
0.568285
0.404917
0.789559
0.694187
0.062383
0.0744534
0.000702318
0.943503
0.551231
0.253772
0.824229
0.769296
0.997466
0.775283
0.98794
0.851009
0.289392
0.7918
0.418068
0.470876
0.393045
0.418453
0.636165
0.186313
0.364144
0.411033
0.243621
0.321154
0.271739
0.103424
0.342784
0.899373
0.60564
0.721178
0.443111
0.154587
0.858618
0.0573921
0.92457
0.666465
0.252061
0.71432
0.801876
0.820556
0.976129
0.329846
0.920609
0.907754
0.132802
0.474066
0.209736
0.875699
0.26117
0.559395
0.0167264
0.280667
0.133339
0.182721
0.0113975
0.384839
0.151206
0.0404421
0.238615
0.433583
0.102564
0.280935
0.372278
0.621961
0.371766
0.354627
0.280757
0.239253
0.639648
0.275983
0.247516
0.082305
0.577037
0.406313
0.461061
0.702565
0.142244
0.371912
0.424933
0.333287
0.0133715
0.719697
0.224123
0.905163
0.788973
0.674408
0.106621
0.377535
0.184816
0.0278117
0.866369
0.26614
0.964824
0.010478
0.0472201
0.392848
0.401195
0.29726
0.352632
0.425934
0.117944
0.1898
0.620469
0.284443
0.592914
0.310301
0.182072
0.353344
0.965821
0.376036
0.729188
0.57788
0.634748
0.575946
0.694085
0.842885
0.285072
0.221985
0.224095
0.700528
0.4036
0.88436
0.446679
0.655635
0.0615753
0.0998064
0.0375809
0.9645
0.874807
0.294666
0.14273
0.298016
0.00236331
0.956373
0.128562
0.208324
0.281666
0.936583
0.118017
0.577221
0.268136
0.858434
0.076026
0.00751505
0.302129
0.717006
0.452085
0.964985
0.616604
0.2824
0.48081
0.633531
0.776232
0.309445
0.657703
0.842984
0.862359
0.520422
0.43903
0.560418
0.359549
0.935742
0.691103
0.761729
0.355974
0.458739
0.604631
0.906368
0.876156
0.650797
0.620576
0.552629
0.0649614
0.987275
0.578155
0.438083
0.623792
0.645929
0.838479
0.820016
0.748972
0.00748522
0.99408
0.177139
0.962134
0.570481
0.604132
0.0712159
0.158415
0.674593
0.609487
0.352872
0.855469
0.954593
0.632112
0.862398
0.138237
0.925031
0.846345
0.263046
0.937069
0.609596
0.353206
0.0142647
0.848796
0.989461
0.136861
0.474403
0.00489333
0.415195
0.967306
0.692549
0.471438
0.534102
0.170678
0.110583
0.661416
0.432522
0.252042
0.00961245
0.583705
0.400162
0.414774
0.727279
0.503478
0.008909
0.842204
0.15942
0.695973
0.76922
0.245991
0.818487
0.0467524
0.316461
0.976871
0.611848
0.0303638
0.271921
0.511369
0.468759
0.917487
0.395374
0.91319
0.633223
0.114334
0.236453
0.194699
0.929809
0.951085
0.714017
0.780431
0.618498
0.79677
0.847401
0.27584
0.626782
0.545665
0.0396736
0.340738
0.649958
0.784723
0.560904
0.36205
0.859872
0.508269
0.305911
0.42859
0.304389
0.928632
0.928662
0.207662
0.517087
0.627077
0.724501
0.0824258
0.879752
0.988998
0.522071
0.742302
0.0773339
0.955754
0.0395236
0.589024
0.663082
0.0156939
0.251046
0.316584
0.403314
0.978606
0.261132
0.358709
0.229443
0.827693
0.709832
0.324472
0.354356
0.756452
0.178893
0.92105
0.892494
0.994721
0.0520599
0.528318
0.0803208
0.985293
0.950814
0.984684
0.666367
0.706576
0.175305
0.371851
0.748697
0.879059
0.224602
0.706423
0.254559
0.309924
0.838206
0.912769
0.322033
0.760885
0.905416
0.0198443
0.996875
0.509369
0.309467
0.567896
0.13959
0.98128
0.256355
0.661255
0.260393
0.0314615
0.318595
0.23569
0.943832
0.460135
0.387774
0.79006
0.470042
0.0242692
0.524083
0.252529
0.142146
0.653183
0.991697
0.900161
0.305366
0.299013
0.673781
0.816084
0.744999
0.425985
0.601672
0.861028
0.91076
0.714558
0.850462
0.117493
0.771604
0.715802
0.632098
0.232078
0.523939
0.363402
0.336806
0.875567
0.67135
0.136511
0.836968
0.313095
0.563045
0.635663
0.911677
0.276833
0.70602
0.836634
0.669626
0.00963451
0.697394
0.792271
0.0662013
0.123884
0.292365
0.151279
0.351074
0.709776
0.308921
0.227565
0.0308012
0.311739
0.933092
0.908029
0.0562896
0.975212
0.484945
0.808183
0.408416
0.205936
0.436122
0.856872
0.988878
0.10957
0.485564
0.301009
0.760972
0.338408
0.472015
0.510385
0.641122
0.174765
0.168164
0.119689
0.303145
0.227388
0.156969
0.486798
0.906357
0.396104
0.38467
0.457759
0.345501
0.788106
0.7319
0.164596
0.291965
0.0623672
0.581401
0.623886
0.43164
0.161741
0.499097
0.97279
0.509132
0.653839
0.858429
0.467215
0.608545
0.283728
0.570721
0.0589988
0.32846
0.531523
0.898475
0.865807
0.992998
0.623891
0.56622
0.571188
0.421818
0.720063
0.0730687
0.00939622
0.954764
0.311536
0.959173
0.161073
0.12101
0.185049
0.755277
0.382044
0.866656
0.777167
0.136452
0.104004
0.50204
0.767894
0.80127
0.347173
0.69338
0.258204
0.488134
0.000965989
0.512175
0.0251634
0.0716991
0.470576
0.785769
0.835963
0.0104048
0.257353
0.469766
0.140351
0.845459
0.301464
0.148118
0.720858
0.0513509
0.166631
0.799368
0.507932
0.271923
0.864847
0.358391
0.668556
0.0478291
0.358534
0.775331
0.350871
0.744478
0.80099
0.728003
0.920251
0.796123
0.0198253
0.470024
0.694649
0.914277
0.337987
0.325677
0.652664
0.833298
0.908338
0.48941
0.253798
0.363387
0.328918
0.742664
0.107951
0.373758
0.0765508
0.064113
0.683571
0.115144
0.702432
0.249848
0.354255
0.386593
0.951542
0.450708
0.702146
0.988941
0.740413
0.43757
0.0280177
0.68954
0.37781
0.854879
0.0157303
0.0224317
0.194808
0.954971
0.287874
0.606096
0.802388
0.694463
0.510112
0.188474
0.548225
0.0810727
0.832787
0.902511
0.839047
0.17651
0.830952
0.4142
0.498081
0.0267689
0.907834
0.297461
0.33095
0.349112
0.963661
0.577007
0.0984587
0.869487
0.744278
0.608215
0.448237
0.739049
0.612371
0.465335
0.161948
0.56159
0.851246
0.945138
0.193692
0.458269
0.647562
0.534301
0.195698
0.373091
0.0292448
0.00121401
0.646478
0.653589
0.637823
0.267185
0.101885
0.0814812
0.668689
0.633005
0.642192
0.0585729
0.48565
0.331149
0.899981
0.708966
0.532747
0.0687697
0.253161
0.665434
0.950208
0.555019
0.616992
0.449493
0.260949
0.54159
0.790857
0.288229
0.991412
0.0975278
0.849231
0.228484
0.22966
0.576421
0.173302
0.632012
0.9787
0.0847307
0.420482
0.704125
0.320573
0.586142
0.588293
0.344282
0.160765
0.157545
0.183624
0.60743
0.0577636
0.167563
0.777111
0.698041
0.645727
0.97742
0.388707
0.689487
0.660249
0.596842
0.179772
0.00636332
0.102066
0.565784
0.572835
0.992294
0.45603
0.0666162
0.834492
0.919774
0.60222
0.477519
0.851016
0.59215
0.242854
0.612983
0.517918
0.570137
0.92329
0.347121
0.800016
0.547305
0.424445
0.0117912
0.110419
0.179641
0.955816
0.085222
0.664314
0.137036
0.857049
0.00719717
0.14042
0.495081
0.0815343
0.14267
0.887634
0.213904
0.682544
0.803481
0.244136
0.337151
0.541875
0.630244
0.277349
0.113766
0.0705827
0.362315
0.741699
0.988704
0.635343
0.150767
0.998696
0.403002
0.111363
0.406794
0.937694
0.96019
0.997803
0.82637
0.276011
0.224852
0.312216
0.337768
0.961144
0.969279
0.481515
0.687319
0.444083
0.819498
0.909572
0.291558
0.725254
0.583298
0.040348
0.877918
0.899928
0.846777
0.530629
0.538398
0.237546
0.163251
0.630885
0.0209958
0.293335
0.765854
0.850672
0.71846
0.00155486
0.444758
0.407547
0.121537
0.412411
0.631406
0.707611
0.897981
0.386079
0.0389871
0.24118
0.955823
0.696282
0.0816229
0.312368
0.215185
0.133058
0.414202
0.894645
0.19328
0.66353
0.771927
0.244896
0.89158
0.853442
0.832864
0.263619
0.108117
0.624973
0.0842991
0.356282
0.370888
0.886619
0.647254
0.171238
0.200613
0.145493
0.118396
0.277543
0.118395
0.727315
0.613517
0.723482
0.5414
0.889779
0.187355
0.896694
0.509764
0.97091
0.999624
0.0058987
0.876164
0.174967
0.1049
0.824122
0.151371
0.531253
0.650736
0.836219
0.567956
0.793312
0.0126537
0.737794
0.535466
0.970505
0.843209
0.292393
0.0495461
0.831294
0.800114
0.78389
0.660606
0.192791
0.686556
0.024886
0.69168
0.967829
0.192603
0.66637
0.18814
0.102142
0.482194
0.198416
0.0554767
0.20659
0.460316
0.768077
0.852262
0.634997
0.291503
0.172526
0.481425
0.174908
0.662181
0.972957
0.0522317
0.34749
0.651682
0.383299
0.0154158
0.36762
0.815453
0.033228
0.770628
0.573056
0.855649
0.677211
0.0081326
0.0887088
0.917485
0.863091
0.987415
0.84887
0.110031
0.680745
0.625916
0.260894
0.300438
0.596366
0.666964
0.795772
0.207412
0.171792
0.333019
0.294758
0.152665
0.893439
0.0866226
0.787787
0.448016
0.405221
0.325095
0.476232
0.134627
0.222431
0.873054
0.290602
0.246224
0.0320809
0.0755008
0.872742
0.930223
0.700211
0.643925
0.0646005
0.367966
0.407053
0.498253
0.713641
0.593107
0.941172
0.506089
0.871584
0.894422
0.544621
0.961853
0.597441
0.74956
0.475182
0.969894
0.515917
0.432423
0.514574
0.912118
0.395341
0.073446
0.0163841
0.112042
0.680751
0.778759
0.962368
0.985024
0.99158
0.0259379
0.989462
0.431962
0.833693
0.0106779
0.263776
0.0957764
0.605782
0.881236
0.174815
0.815314
0.503676
0.648
0.498372
0.787712
0.588982
0.551238
0.871287
0.840037
0.395376
0.0316533
0.958891
0.600962
0.828142
0.462853
0.420195
0.688708
0.978009
0.413409
0.690056
0.859442
0.681277
0.491692
0.294198
0.473448
0.248511
0.273072
0.179441
0.26314
0.912177
0.536856
0.914193
0.155722
0.177456
0.463179
0.00415911
0.0861149
0.860826
0.799886
0.460716
0.5133
0.619351
0.282828
0.096074
0.950423
0.722531
0.998823
0.44003
0.666735
0.640581
0.821744
0.703345
0.21689
0.562445
0.746651
0.980316
0.623077
0.485132
0.484989
0.0314971
0.53366
0.580166
0.782505
0.00731319
0.933084
0.28259
0.131212
0.0682132
0.861811
0.865798
0.570777
0.645601
0.848424
0.177128
0.035693
0.898153
0.61986
0.946942
0.673131
0.232065
0.893921
0.626263
0.794394
0.485524
0.404571
0.325297
0.849628
0.122018
0.0833803
0.389573
0.984856
0.384473
0.0681252
0.973002
0.425085
0.0378526
0.579599
0.249521
0.238676
0.419934
0.203104
0.259967
0.6432
0.244145
0.466423
0.292438
0.163049
0.925592
0.941707
0.00507151
0.156477
0.607575
0.424011
0.512589
0.421696
0.65007
0.91088
0.0851888
0.829912
0.439301
0.49811
0.167019
0.948471
0.213222
0.152136
0.543566
0.793526
0.294087
0.473774
0.721972
0.825964
0.997004
0.281511
0.100744
0.309382
0.493283
0.196502
0.611975
0.577752
0.00307295
0.363667
0.599991
0.324103
0.43956
0.938418
0.835425
0.235562
0.991553
0.369469
0.0684069
0.666949
0.304884
0.397198
0.762933
0.660156
0.131292
0.772061
0.945323
0.764027
0.645285
0.944574
0.409013
0.340084
0.980036
0.251996
0.226815
0.897055
0.544809
0.441086
0.735987
0.440976
0.976087
0.730186
0.480581
0.389507
0.0950104
0.405436
0.427886
0.360773
0.217132
0.187923
0.581744
0.318227
0.337078
0.912652
0.934935
0.526924
0.670629
0.308397
0.0788742
0.0618642
0.291899
0.267436
0.294761
0.030591
0.478132
0.987979
0.433556
0.296878
0.749117
0.329032
0.81427
0.755385
0.409492
0.343644
0.627814
0.387674
0.925678
0.132215
0.0905192
0.791714
0.403639
0.6917
0.814926
0.18228
0.448828
0.9516
0.372567
0.694348
0.580946
0.530855
0.875789
0.0238311
0.277431
0.443627
0.107637
0.562503
0.272852
0.21001
0.231438
0.856066
0.0741919
0.0228359
0.708711
0.268622
0.679039
0.204503
0.773187
0.877005
0.0937008
0.727712
0.953284
0.693508
0.678455
0.289803
0.248449
0.412347
0.609677
0.126213
0.795532
0.473308
0.788836
0.79954
0.491972
0.954702
0.135011
0.208411
0.556265
0.111338
0.031587
0.766313
0.0255847
0.355298
0.42752
0.878568
0.871434
0.396182
0.623193
0.348338
0.459641
0.388518
0.147673
0.990017
0.0628436
0.0934124
0.558869
0.823092
0.206423
0.359442
0.680803
0.135508
0.0411614
0.964581
0.548012
0.433451
0.772914
0.000384029
0.401645
0.35707
0.53737
0.115256
0.782596
0.379447
0.795674
0.846798
0.233051
0.993233
0.765237
0.596337
0.889407
0.554879
0.508427
0.69959
0.532764
0.30962
0.941788
0.566007
0.502266
0.568716
0.764733
0.257759
0.91212
0.536301
0.418755
0.217991
0.479933
0.926065
0.450954
0.2814
0.364314
0.428949
0.047973
0.943099
0.289526
0.165009
0.0440577
0.681787
0.49331
0.894793
0.443066
0.0278046
0.00737121
0.781796
0.0606004
0.56281
0.285018
0.0321931
0.173168
0.338279
0.964011
0.149902
0.829294
0.196797
0.538723
0.279324
0.304917
0.779913
0.83471
0.701525
0.441871
0.728211
0.219856
0.916951
0.929095
0.384168
0.497535
0.485386
0.418338
0.177375
0.789147
0.584196
0.236672
0.0527778
0.824114
0.491567
0.0965031
0.622334
0.164052
0.59
0.241457
0.146665
0.980052
0.861186
0.387464
0.588851
0.318795
0.168872
0.568148
0.280152
0.348789
0.86318
0.738662
0.792894
0.731259
0.463567
0.416541
0.0778587
0.0118749
0.925487
0.838794
0.658227
0.794912
0.481198
0.297163
0.134118
0.665904
0.174302
0.861808
0.788977
0.419017
0.22267
0.906206
0.922771
0.692558
0.414133
0.711898
0.443221
0.414495
0.902799
0.723687
0.403091
0.451706
0.680795
0.128731
0.69896
0.10098
0.43669
0.415903
0.288866
0.272085
0.0385724
0.756041
0.529568
0.559968
0.3128
0.664765
0.533839
0.159013
0.869385
0.143973
0.925085
0.80649
0.128525
0.279982
0.128483
0.985338
0.260444
0.15232
0.491165
0.353164
0.577092
0.00718601
0.0320185
0.611773
0.575201
0.220301
0.473602
0.478947
0.371633
0.55466
0.409764
0.0488035
0.845017
0.998393
0.982506
0.354541
0.598115
0.0476919
0.867498
0.0454646
0.29279
0.713807
0.544824
0.805133
0.390827
0.725817
0.946351
0.78101
0.861525
0.458258
0.495924
0.807697
0.331859
0.949326
0.645648
0.329744
0.1588
0.75677
0.798376
0.913026
0.372506
0.410693
0.0624894
0.591982
0.390464
0.215308
0.328323
0.651781
0.993489
0.463484
0.870364
0.962461
0.45983
0.111104
0.577035
0.731923
0.545442
0.233674
0.33276
0.543312
0.629327
0.868485
0.18201
0.786803
0.957934
0.964934
0.364431
0.560152
0.605371
0.345341
0.135625
0.267094
0.573131
0.1628
0.20563
0.7355
0.10699
0.602857
0.908551
0.0872678
0.900077
0.889597
0.25702
0.973895
0.828405
0.949855
0.784199
0.637301
0.724319
0.874579
0.89298
0.482185
0.503108
0.592759
0.228499
0.00143553
0.142221
0.794929
0.0371037
0.750137
0.00916421
0.30684
0.390009
0.997185
0.922579
0.581673
0.296512
0.159731
0.540153
0.466041
0.0929423
0.436809
0.2508
0.652521
0.906851
0.330652
0.131979
0.508242
0.132603
0.394608
0.0286335
0.577789
0.00425761
0.317373
0.881944
0.636166
0.714234
0.287424
0.769738
0.748647
0.374994
0.0465664
0.905191
0.302641
0.097717
0.451385
0.13109
0.733846
0.731878
0.914711
0.650963
0.653246
0.38971
0.634322
0.99657
0.49994
0.37802
0.335541
0.342728
0.99545
0.548507
0.858525
0.151114
0.241475
0.21435
0.944439
0.559592
0.311122
0.00538719
0.228429
0.863512
0.424564
0.257041
0.116919
0.156184
0.904904
0.650775
0.951233
0.89374
0.721349
0.419505
0.157235
0.662439
0.818076
0.782305
0.363144
0.313286
0.397124
0.0135936
0.113135
0.309256
0.769764
0.884163
0.70202
0.433787
0.397515
0.70425
0.626158
0.186457
0.639634
0.0246178
0.730662
0.659443
0.583856
0.585514
0.695699
0.647032
0.587112
0.34227
0.118361
0.2324
0.899807
0.204118
0.661977
0.00374859
0.885873
0.963149
0.968245
0.630659
0.300108
0.999257
0.170108
0.661017
0.0312732
0.126684
0.50556
0.906637
0.461616
0.818524
0.237611
0.555685
0.527195
0.257077
0.819909
0.989776
0.0854508
0.504908
0.540708
0.415284
0.719746
0.469537
0.0857231
0.971016
0.782513
0.57643
0.760458
0.448859
0.47111
0.0967673
0.945178
0.223605
0.961301
0.422786
0.858175
0.200595
0.86945
0.661994
0.323019
0.481898
0.752966
0.591665
0.324023
0.857307
0.136051
0.893706
0.929189
0.713554
0.120073
0.585366
0.529964
0.484152
0.238662
0.396043
0.33561
0.534688
0.363082
0.861707
0.506497
0.632291
0.220929
0.557397
0.206572
0.740642
0.326121
0.797696
0.868655
0.960933
0.738486
0.488679
0.194826
0.336767
0.339389
0.838106
0.665786
0.71398
0.435799
0.179319
0.59367
0.55498
0.410435
0.683682
0.485954
0.947965
0.113169
0.955312
0.000637242
0.791735
0.558123
0.218337
0.422424
0.285002
0.0130886
0.832124
0.697146
0.570186
0.235913
0.0643574
0.42122
0.117615
0.899734
0.455823
0.397138
0.0141279
0.824056
0.615384
0.995856
0.600828
0.023277
0.681341
0.777512
0.672577
0.566517
0.956464
0.86459
0.354559
0.628175
0.201116
0.518118
0.904456
0.723041
0.871365
0.260886
0.432546
0.166424
0.161245
0.640401
0.259677
0.469779
0.147174
0.828533
0.334997
0.0614611
0.582526
0.170999
0.206322
0.886712
0.758319
0.516577
0.235153
0.934166
0.869524
0.302502
0.290543
0.835474
0.219003
0.294286
0.662682
0.850801
0.864676
0.54107
0.249616
0.867871
0.627626
0.174541
0.625415
0.955318
0.0479434
0.196283
0.334234
0.746624
0.549951
0.709174
0.124647
0.584334
0.464474
0.968655
0.213266
0.488706
0.586711
0.0297775
0.968512
0.772912
0.844874
0.742792
0.628825
0.142881
0.944772
0.446117
0.205301
0.244829
0.524894
0.169945
0.803581
0.259305
0.332096
0.232204
0.942331
0.452163
0.688481
0.0595379
0.226644
0.833511
0.697452
0.83958
0.0846361
0.664224
0.244114
0.607752
0.398913
0.506603
0.0216556
0.886447
0.873115
0.917789
0.518688
0.901329
0.849711
0.0573548
0.397986
0.790231
0.814763
0.90252
0.0580249
0.890423
0.395078
0.22035
0.366793
0.0482728
0.952632
0.0900775
0.388178
0.32343
0.424696
0.904657
0.504042
0.414912
0.181036
0.38163
0.199871
0.340303
0.806715
0.576182
0.829314
0.406692
0.43069
0.628062
0.874305
0.461566
0.705025
0.722771
0.934322
0.246918
0.603081
0.579493
0.216452
0.87157
0.652424
0.893232
0.947176
0.696375
0.00526024
0.96882
0.0908546
0.0404956
0.220006
0.143792
0.658938
0.440279
0.707033
0.820739
0.776198
0.990395
0.646869
0.576871
0.597383
0.521078
0.224154
0.955018
0.500723
0.8639
0.425808
0.579546
0.998748
0.724833
0.348775
0.704622
0.323587
0.504925
0.997563
0.0693022
0.265188
0.881212
0.493503
0.393315
0.455019
0.236271
0.989463
0.17056
0.307867
0.252841
0.394168
0.605837
0.583325
0.579417
0.486693
0.00912687
0.861154
0.882626
0.481262
0.243101
0.792472
0.506011
0.738311
0.282494
0.14342
0.944011
0.130871
0.303378
0.484173
0.777429
0.354428
0.507464
0.874427
0.375722
0.39587
0.91834
0.990479
0.56021
0.58148
0.428452
0.615869
0.236966
0.440304
0.260574
0.222925
0.581156
0.784171
0.910924
0.0735907
0.745861
0.709708
0.711472
0.504578
0.497555
0.769544
0.081679
0.64313
0.0518851
0.769808
0.95588
0.970185
0.834633
0.797318
0.373595
0.142362
0.0787916
0.211099
0.320352
0.30505
0.748251
0.693012
0.923071
0.332974
0.665555
0.694006
0.909465
0.231079
0.75064
0.459901
0.10839
0.633969
0.259177
0.703081
0.604864
0.725324
0.138934
0.278256
0.356835
0.450909
0.277517
0.967218
0.958423
0.332993
0.619769
0.613137
0.340276
0.989364
0.0400839
0.635427
0.801854
0.186798
0.363989
0.965042
0.0224706
0.99086
0.0667812
0.575889
0.948676
0.993946
0.168134
0.078387
0.801526
0.785643
0.946917
0.865202
0.652399
0.156542
0.613174
0.867855
0.375266
0.16805
0.862746
0.325329
0.521145
0.0470085
0.194294
0.518087
0.0309464
0.626992
0.885501
0.0735164
0.323561
0.377379
0.357297
0.729221
0.222429
0.889965
0.226233
0.17607
0.339841
0.0945938
0.625216
0.106198
0.0882496
0.273596
0.402872
0.964711
0.0211372
0.56968
0.154751
0.808658
0.291644
0.561527
0.287192
0.460702
0.901367
0.94869
0.907496
0.599902
0.787119
0.080553
0.813282
0.732294
0.854831
0.224829
0.889341
0.942031
0.491537
0.573117
0.717017
0.637637
0.148652
0.996675
0.191401
0.370497
0.182828
0.300296
0.301489
0.679824
0.948273
0.586804
0.466616
0.0579288
0.927614
0.413258
0.635777
0.0927502
0.0257218
0.784821
0.603486
0.946808
0.633503
0.137199
0.913052
0.655232
0.549558
0.548274
0.460896
0.411042
0.00257462
0.851907
0.253396
0.896952
0.075463
0.825604
0.601877
0.728517
0.284607
0.699063
0.561878
0.477628
0.437485
0.0781377
0.251046
0.502666
0.270224
0.689384
0.0109528
0.115361
0.167754
0.000996294
0.803364
0.974696
0.861174
0.849193
0.0229813
0.690527
0.891229
0.958322
0.436048
0.447255
0.984236
0.689515
0.946333
0.654504
0.716371
0.427088
0.492619
0.255841
0.240136
0.318013
0.374179
0.519104
0.741371
0.116089
0.594053
0.505848
0.0800775
0.622002
0.452668
0.857805
0.0579797
0.620209
0.129653
0.779005
0.142392
0.728281
0.864354
0.786942
0.158363
0.613465
0.557408
0.368716
0.640824
0.552999
0.668139
0.37133
0.722957
0.247179
0.062389
0.767197
0.318875
0.438003
0.863572
0.963571
0.334536
0.505395
0.0693413
0.28715
0.634563
0.852545
0.117637
0.000184407
0.935799
0.347751
0.0240118
0.174403
0.845219
0.565145
0.264128
0.38265
0.468325
0.922024
0.528436
0.127827
0.750996
0.966369
0.324884
0.696018
0.283518
0.274353
0.372728
0.319677
0.428114
0.317744
0.764877
0.944705
0.0498005
0.890324
0.514555
0.0705123
0.0031641
0.564193
0.345497
0.21479
0.469557
0.860793
0.0820897
0.914454
0.029021
0.423762
0.279676
0.208319
0.369986
0.101267
0.958023
0.213479
0.83496
0.973043
0.845291
0.358267
0.710507
0.622618
0.930358
0.665633
0.403294
0.715982
0.0750322
0.126005
0.109354
0.619528
0.146786
0.948284
0.643717
0.0666787
0.65212
0.483411
0.912854
0.0450052
0.616545
0.703538
0.911624
0.406974
0.00382616
0.176716
0.0496292
0.381093
0.546932
0.501159
0.243439
0.684846
0.951978
0.748869
0.298659
0.655978
0.302833
0.944626
0.999487
0.444413
0.258898
0.778414
0.724808
0.895013
0.370414
0.724462
0.736078
0.854875
0.470666
0.798905
0.329744
0.0120053
0.157925
0.999262
0.179294
0.460169
0.317062
0.0979812
0.945998
0.649201
0.236911
0.624682
0.0919941
0.390061
0.602941
0.418178
0.184341
0.0544665
0.803056
0.388753
0.964759
0.117352
0.21759
0.280058
0.230463
0.289719
0.699963
0.972557
0.919541
0.81357
0.796231
0.0901323
0.0559037
0.395736
0.998571
0.943649
0.837891
0.846584
0.0955846
0.577757
0.928376
0.994575
0.832981
0.396754
0.209105
0.343666
0.323977
0.681373
0.360646
0.806518
0.689031
0.154867
0.24195
0.927872
0.596317
0.82097
0.68281
0.64542
0.174502
0.709344
0.00691813
0.418246
0.838714
0.712209
0.751272
0.729281
0.774094
0.317886
0.277994
0.345179
0.395954
0.742886
0.366361
0.139704
0.25472
0.553343
0.12433
0.196575
0.905693
0.855119
0.446139
0.819486
0.12772
0.855437
0.247882
0.339403
0.160027
0.958341
0.727192
0.272493
0.0324908
0.776941
0.5647
0.0997631
0.514517
0.892895
0.561802
0.978387
0.34275
0.625823
0.577209
0.0836141
0.699187
0.836487
0.882172
0.166191
0.0376997
0.978866
0.520049
0.396353
0.684667
0.121929
0.78758
0.434943
0.764693
0.668002
0.710485
0.599257
0.909916
0.240018
0.542256
0.582952
0.451597
0.313095
0.911386
0.220603
0.961754
0.5525
0.882832
0.538417
0.233461
0.631091
0.843297
0.347883
0.444586
0.78466
0.386692
0.449247
0.125988
0.0116631
0.833521
0.517055
0.951227
0.484165
0.664465
0.578107
0.863479
0.223562
0.921911
0.516173
0.347521
0.112322
0.687097
0.980503
0.432847
0.196544
0.270565
0.289517
0.441699
0.53714
0.683698
0.206105
0.841464
0.0965884
0.105763
0.681314
0.272301
0.377037
0.174433
0.215194
0.112125
0.15978
0.883321
0.862392
0.484461
0.408427
0.104715
0.365536
0.881259
0.388816
0.78489
0.616452
0.487368
0.906729
0.503365
0.71084
0.797434
0.4062
0.0621784
0.353878
0.281222
0.193617
0.709242
0.793645
0.995369
0.128388
0.305774
0.0652566
0.17877
0.0124948
0.225237
0.922177
0.191697
0.295035
0.787745
0.191573
0.680327
0.658973
0.85932
0.211025
0.230471
0.905746
0.287504
0.272182
0.268958
0.0797085
0.0639478
0.660262
0.464249
0.194513
0.0723872
0.332617
0.431893
0.101989
0.391231
0.138657
0.591581
0.959619
0.548441
0.0353573
0.0715021
0.354182
0.870658
0.0249877
0.381545
0.813249
0.183148
0.0968711
0.211949
0.35626
0.667436
0.847807
0.691015
0.377202
0.910928
0.462761
0.87275
0.540926
0.518339
0.914468
0.27781
0.974086
0.870044
0.418932
0.537813
0.477831
0.166588
0.275261
0.316288
0.501204
0.722216
0.420079
0.903448
0.508371
0.391191
0.680684
0.984404
0.299226
0.782588
0.460855
0.884999
0.707599
0.41689
0.607923
0.338549
0.104783
0.114413
0.859395
0.373443
0.347393
0.597074
0.305668
0.727051
0.275834
0.642115
0.0386552
0.47355
0.35305
0.32647
0.899896
0.809322
0.71812
0.398697
0.153076
0.665549
0.158984
0.672437
0.0810985
0.806634
0.48956
0.231848
0.501337
0.683251
0.657861
0.0358055
0.270124
0.707844
0.719821
0.839183
0.0739322
0.840544
0.336225
0.664907
0.308169
0.0933287
0.633025
0.709498
0.234507
0.984383
0.269003
0.394827
0.690175
0.179034
0.674479
0.657275
0.370089
0.605466
0.925486
0.865544
0.814883
0.728992
0.287269
0.756147
0.869647
0.932929
0.0299989
0.138852
0.870445
0.197011
0.397084
0.949399
0.82626
0.407391
0.343144
0.48254
0.22627
0.806424
0.893262
0.149082
0.501032
0.238303
0.90436
0.804235
0.854463
0.882189
0.318709
0.140181
0.44944
0.492051
0.34206
0.201686
0.99909
0.555529
0.202432
0.932822
0.942434
0.419181
0.936048
0.398857
0.411325
0.473055
0.142514
0.829941
0.860825
0.951957
0.781694
0.0220065
0.634437
0.892705
0.103401
0.730315
0.986209
0.115953
0.830527
0.82716
0.788838
0.657565
0.867701
0.712703
0.591368
0.794076
0.794499
0.0463972
0.69162
0.0400174
0.542737
0.936634
0.827763
0.45382
0.0883639
0.237273
0.690379
0.748146
0.347052
0.0578936
0.22614
0.983324
0.32527
0.304602
0.202604
0.625689
0.538213
0.692256
0.805856
0.396392
0.574591
0.935734
0.391427
0.721791
0.185176
0.429032
0.378146
0.724841
0.98407
0.965226
0.280339
0.637538
0.696496
0.933685
0.901284
0.520427
0.558682
0.965388
0.948519
0.189432
0.933082
0.307067
0.162708
0.234209
0.827516
0.25118
0.781863
0.336549
0.107829
0.268738
0.515057
0.779557
0.185912
0.934734
0.194468
0.689631
0.398469
0.03261
0.677843
0.102323
0.14358
0.856303
0.28274
0.302637
0.949093
0.409561
0.617418
0.663006
0.753552
0.875456
0.249013
0.488521
0.827959
0.523698
0.034194
0.900383
0.22029
0.165386
0.505268
0.00199008
0.151086
0.345103
0.835388
0.980606
0.898775
0.668051
0.108897
0.136778
0.144633
0.459633
0.508343
0.896413
0.0744808
0.894936
0.985128
0.0213213
0.687617
0.515537
0.78665
0.661607
0.216029
0.380792
0.382291
0.18874
0.273672
0.0677618
0.15679
0.517904
0.542757
0.64478
0.766013
0.354086
0.00563321
0.279966
0.956878
0.81403
0.833529
0.55033
0.489415
0.548468
0.139536
0.593776
0.473776
0.765139
0.732566
0.853787
0.794685
0.00545255
0.0299091
0.786993
0.249586
0.680696
0.777334
0.900568
0.282868
0.69641
0.870912
0.948022
0.144109
0.262619
0.695377
0.294221
0.0154027
0.860358
0.220863
0.825065
0.245412
0.215335
0.0850281
0.256069
0.646655
0.0721421
0.340625
0.471821
0.439879
0.837263
0.0070991
0.017451
0.0317491
0.947382
0.461149
0.281791
0.599005
0.539601
0.773016
0.530344
0.0672451
0.129484
0.375226
0.267615
0.152598
0.221568
0.476196
0.458673
0.0627645
0.0611665
0.0302791
0.847681
0.0501871
0.67434
0.60587
0.549074
0.254794
0.562992
0.644083
0.500826
0.407849
0.661881
0.407967
0.993128
0.56837
0.649129
0.180498
0.59993
0.57245
0.620866
0.189209
0.0113587
0.190312
0.355496
0.100571
0.751052
0.733027
0.311138
0.69678
0.894565
0.975568
0.106049
0.957516
0.343507
0.715929
0.110842
0.545058
0.876517
0.059452
0.270326
0.167438
0.340141
0.444121
0.21119
0.354924
0.575562
0.13677
0.993869
0.521044
0.498052
0.160103
0.936691
0.65315
0.294708
0.0860882
0.914147
0.0930187
0.0359979
0.299433
0.179145
0.921563
0.965595
0.26672
0.130737
0.705667
0.631431
0.10075
0.0427427
0.107252
0.00562536
0.341212
0.167229
0.421235
0.225005
0.756366
0.215509
0.196209
0.454388
0.143852
0.174858
0.992684
0.840921
0.184354
0.909212
0.834726
0.566863
0.869239
0.434305
0.272733
0.473313
0.608239
0.46186
0.784747
0.195289
0.690138
0.146762
0.153923
0.244527
0.67087
0.551994
0.245852
0.102706
0.742476
0.481622
0.880226
0.0540964
0.417395
0.242272
0.638676
0.540701
0.0110535
0.552636
0.366078
0.000850048
0.588782
0.718342
0.790618
0.75317
0.506107
0.830978
0.0923705
0.677334
0.256371
0.720546
0.175955
0.773657
0.958494
0.449564
0.147024
0.0775044
0.380906
0.243306
0.502522
0.791109
0.783066
0.77374
0.698131
0.649763
0.0770932
0.963396
0.509451
0.273948
0.242358
0.291492
0.42137
0.0231039
0.264886
0.554173
0.27289
0.284843
0.919865
0.620958
0.120421
0.403462
0.348
0.141151
0.123934
0.0954834
0.0787049
0.999863
0.584006
0.458262
0.495271
0.691814
0.132887
0.548563
0.117468
0.752805
0.752012
0.685509
0.690655
0.624592
0.21469
0.388132
0.595348
0.786854
0.362016
0.54391
0.0786295
0.414102
0.167125
0.127008
0.346596
0.392352
0.529605
0.944389
0.783847
0.677628
0.693516
0.803554
0.0875191
0.876966
0.258192
0.318252
0.505224
0.583876
0.833641
0.161797
0.402035
0.574088
0.149385
0.602409
0.397332
0.755546
0.769041
0.958549
0.373197
0.691197
0.842942
0.192511
0.217762
0.107299
0.0344216
0.426168
0.480597
0.972267
0.333916
0.456045
0.307925
0.294965
0.701723
0.184375
0.852989
0.786305
0.997145
0.631175
0.246294
0.344275
0.174147
0.39464
0.56557
0.400159
0.00938891
0.702529
0.797152
0.92463
0.676373
0.734523
0.966242
0.621795
0.109485
0.453556
0.312392
0.991106
0.786711
0.888109
0.953312
0.866914
0.40105
0.259132
0.771687
0.0242591
0.62099
0.560679
0.507049
0.584359
0.10108
0.424498
0.741488
0.298655
0.625104
0.324232
0.551709
0.563509
0.140621
0.741856
0.734344
0.843055
0.0352553
0.157773
0.987859
0.0370207
0.601677
0.641442
0.496599
0.215878
0.891337
0.0609984
0.91055
0.781073
0.149806
0.128148
0.30224
0.378922
0.911513
0.98924
0.631198
0.0132347
0.128299
0.424624
0.855966
0.217829
0.366403
0.644005
0.512241
0.321107
0.72225
0.187957
0.0982205
0.727399
0.978468
0.71911
0.434174
0.695572
0.0435162
0.41565
0.0378329
0.266268
0.545842
0.835713
0.1097
0.550942
0.604811
0.679816
0.112728
0.552283
0.367641
0.64102
0.352581
0.174925
0.74415
0.855164
0.928665
0.972683
0.235599
0.16166
0.799569
0.726377
0.679374
0.668784
0.290833
0.26355
0.837622
0.995352
0.123549
0.954489
0.226536
0.60548
0.486639
0.508189
0.157586
0.367975
0.736671
0.134402
0.46492
0.236062
0.743424
0.0725623
0.875781
0.420562
0.440592
0.52186
0.882141
0.300725
0.847787
0.9266
0.964226
0.474713
0.775943
0.268844
0.567534
0.634711
0.18813
0.394594
0.61273
0.782772
0.578916
0.212178
0.339757
0.201904
0.829033
0.751964
0.202234
0.947676
0.919668
0.844434
0.0230516
0.777987
0.880621
0.739258
0.0877891
0.479247
0.943167
0.789933
0.0404271
0.250902
0.143937
0.019528
0.15082
0.741207
0.596612
0.621424
0.218506
0.0633259
0.562405
0.766852
0.933017
0.915801
0.16281
0.459983
0.0439759
0.352775
0.00912166
0.968837
0.759928
0.0235801
0.791487
0.974073
0.515238
0.263419
0.430977
0.847497
0.0785657
0.123887
0.921911
0.721396
0.149664
0.2361
0.0343188
0.222967
0.162384
0.801654
0.604719
0.7344
0.967437
0.275895
0.497319
0.424611
0.80564
0.143286
0.938923
0.65395
0.12981
0.69861
0.225445
0.674625
0.357014
0.255891
0.431178
0.475914
0.104905
0.13641
0.483838
0.764007
0.0312243
0.0726146
0.811215
0.47071
0.018873
0.422809
0.732119
0.633631
0.483985
0.193408
0.274224
0.813641
0.72814
0.0127721
0.482325
0.647507
0.366397
0.847952
0.591345
0.357851
0.605425
0.264618
0.72086
0.236962
0.126875
0.458387
0.148561
0.141297
0.568196
0.79025
0.411825
0.315811
0.345747
0.782822
0.803119
0.690241
0.73164
0.411397
0.437846
0.612413
0.948585
0.0732661
0.180721
0.709435
0.68592
0.547364
0.617483
0.446159
0.366668
0.665646
0.967743
0.0295778
0.358521
0.995298
0.923736
0.0598106
0.89607
0.683673
0.277114
0.839712
0.632417
0.456655
0.444574
0.537626
0.40178
0.00649766
0.43875
0.389948
0.980968
0.194655
0.358936
0.852953
0.0379664
0.302731
0.142836
0.548902
0.288933
0.610385
0.679358
0.962812
0.351675
0.353731
0.988125
0.157332
0.25967
0.0166087
0.161705
0.483119
0.181463
0.802192
0.884151
0.136298
0.883392
0.724731
0.643762
0.603708
0.298828
0.70355
0.447193
0.734677
0.019502
0.472796
0.186979
0.0888808
0.0320634
0.0756252
0.522134
0.904942
0.446802
0.727835
0.0234962
0.974234
0.575066
0.826561
0.228333
0.153035
0.378947
0.955866
0.402996
0.675324
0.0384295
0.202358
0.0223361
0.552309
0.176294
0.14145
0.392868
0.967834
0.737329
0.0913619
0.75685
0.213992
0.0229921
0.767824
0.0356608
0.197024
0.145242
0.407943
0.66914
0.9462
0.599128
0.771612
0.667021
0.587208
0.46971
0.58743
0.0545864
0.648014
0.281717
0.421115
0.549798
0.497558
0.776868
0.00170889
0.435147
0.202298
0.770915
0.26421
0.120522
0.21339
0.824603
0.983835
0.939994
0.383013
0.898933
0.251877
0.427173
0.406556
0.984781
0.0454516
0.554914
0.0670432
0.585283
0.637639
0.912991
0.910727
0.51509
0.508811
0.512532
0.949826
0.355021
0.651503
0.593819
0.722616
0.738805
0.298937
0.358734
0.0721218
0.0757018
0.691094
0.137111
0.501142
0.50055
0.460571
0.713402
0.530155
0.418889
0.036941
0.408744
0.750825
0.225671
0.0688132
0.480568
0.158894
0.370775
0.748539
0.469133
0.397794
0.738896
0.211217
0.949748
0.819273
0.676892
0.37272
0.0764103
0.071598
0.799683
0.871761
0.535904
0.992668
0.365937
0.60307
0.702334
0.659463
0.0532039
0.121518
0.950703
0.840219
0.793155
0.68501
0.020902
0.879241
0.729485
0.113606
0.877951
0.0303676
0.868091
0.697438
0.756493
0.979565
0.830702
0.682361
0.0194507
0.426973
0.685594
0.045831
0.866964
0.779803
0.176924
0.951463
0.33294
0.901443
0.557412
0.804184
0.927271
0.478064
0.924571
0.0247151
0.361369
0.302404
0.699358
0.24235
0.959518
0.364236
0.878195
0.5711
0.54735
0.919819
0.624229
0.621998
0.501487
0.894408
0.335159
0.0654775
0.209195
0.0963253
0.398894
0.11101
0.392824
0.11027
0.179639
0.267471
0.873938
0.772895
0.614691
0.960057
0.524041
0.796201
0.454326
0.356276
0.578765
0.710418
0.312853
0.103295
0.984208
0.914855
0.402841
0.950656
0.226525
0.651856
0.934711
0.697976
0.123235
0.654554
0.0902841
0.367443
0.531556
0.284522
0.792326
0.516856
0.193223
0.304655
0.474549
0.178816
0.206229
0.479264
0.935114
0.954819
0.401115
0.766122
0.464542
0.421119
0.517382
0.829301
0.362543
0.577058
0.0982577
0.597243
0.782041
0.194147
0.269081
0.774927
0.332223
0.105515
0.61049
0.29905
0.470301
0.19502
0.501428
0.549237
0.38693
0.838612
0.4381
0.15107
0.552931
0.182086
0.946331
0.115225
0.216112
0.0950811
0.845853
0.943264
0.7238
0.18523
0.377438
0.735822
0.0305867
0.165491
0.998715
0.528768
0.372495
0.995858
0.619331
0.404361
0.303708
0.394805
0.253907
0.391468
0.967986
0.696814
0.0711957
0.511963
0.737404
0.122063
0.262134
0.965512
0.292444
0.890993
0.675835
0.172319
0.229309
0.20588
0.0428767
0.823169
0.822595
0.709454
0.481628
0.540107
0.205456
0.559683
0.887784
0.33554
0.585307
0.944637
0.740091
0.400866
0.0621468
0.0995467
0.95299
0.289478
0.428825
0.539679
0.693637
0.955369
0.616277
0.298781
0.985327
0.803627
0.901219
0.672495
0.57725
0.870961
0.2319
0.481817
0.923814
0.161612
0.0309992
0.284883
0.103128
0.0282666
0.71271
0.986501
0.254839
0.59754
0.408131
0.880286
0.520567
0.442253
0.938248
0.206079
0.348448
0.00944053
0.906599
0.846989
0.874724
0.70625
0.500468
0.0172092
0.503441
0.782487
0.558114
0.242822
0.741874
0.0426217
0.89057
0.0248462
0.14001
0.355269
0.750423
0.51774
0.171391
0.289486
0.199173
0.0202122
0.880447
0.194236
0.30666
0.808808
0.86412
0.456433
0.153102
0.687409
0.301785
0.68724
0.893774
0.820603
0.0222462
0.377194
0.419151
0.242072
0.0402934
0.446004
0.40789
0.718397
0.576139
0.969043
0.115088
0.637723
0.46991
0.118574
0.325371
0.09099
0.961882
0.47633
0.514667
0.874724
0.147198
0.94209
0.784929
0.315443
0.256045
0.0471034
0.259848
0.798837
0.578575
0.147126
0.393293
0.785776
0.0767391
0.51911
0.130881
0.578158
0.120937
0.533823
0.163741
0.178019
0.49794
0.505693
0.632242
0.794528
0.0962811
0.559681
0.107183
0.912084
0.841176
0.150818
0.860327
0.923313
0.579946
0.942866
0.775628
0.451731
0.770321
0.538231
0.141596
0.894846
0.987772
0.150669
0.498512
0.299054
0.190178
0.882754
0.437117
0.478927
0.825644
0.632005
0.780931
0.531846
0.0721062
0.900787
0.654789
0.953892
0.0163462
0.000737746
0.638381
0.418387
0.974744
0.374454
0.789743
0.503734
0.0511719
0.684681
0.553733
0.980187
0.307912
0.871912
0.729095
0.881648
0.974215
0.00666656
0.0773932
0.3374
0.459579
0.639451
0.191583
0.338641
0.27639
0.336394
0.628724
0.066238
0.458732
0.674192
0.584999
0.948226
0.184145
0.472418
0.955617
0.797559
0.901705
0.623756
0.579055
0.775287
0.657529
0.47584
0.689565
0.0637042
0.212925
0.87487
0.580524
0.609376
0.265341
0.83217
0.716789
0.319314
0.778372
0.226285
0.49187
0.63562
0.78069
0.433073
0.50868
0.544734
0.756926
0.329099
0.0275819
0.643284
0.346659
0.536047
0.757217
0.663433
0.942111
0.380539
0.997078
0.609519
0.52525
0.485444
0.653166
0.37151
0.875666
0.24369
0.817888
0.806596
0.652001
0.263039
0.429449
0.553999
0.522317
0.516995
0.137449
0.886966
0.2143
0.0273416
0.697824
0.395855
0.2875
0.474771
0.57369
0.919731
0.954055
0.231531
0.911241
0.423474
0.262125
0.331509
0.555411
0.417692
0.598939
0.36328
0.0413825
0.768508
0.466756
0.357856
0.330202
0.304741
0.377452
0.894123
0.811097
0.711625
0.0965107
0.851673
0.821647
0.110452
0.0490739
0.841049
0.23526
0.806545
0.31996
0.755522
0.413868
0.16897
0.562162
0.526202
0.185913
0.186981
0.598499
0.296847
0.173362
0.105421
0.343653
0.516202
0.561921
0.472129
0.859948
0.462609
0.900322
0.690631
0.505362
0.370363
0.676819
0.298055
0.423581
0.944861
0.47274
0.792286
0.317024
0.173233
0.443733
0.848465
0.807427
0.374552
0.255297
0.00840038
0.670483
0.258817
0.063123
0.154582
0.907688
0.297205
0.538593
0.128937
0.420377
0.0173051
0.553128
0.589872
0.125371
0.880882
0.215153
0.702865
0.310802
0.00485763
0.33648
0.603482
0.969424
0.905863
0.806413
0.783044
0.157138
0.524302
0.276485
0.28223
0.734447
0.82083
0.209845
0.960864
0.625743
0.888553
0.68635
0.320206
0.289174
0.162028
0.50599
0.509554
0.61992
0.195531
0.678905
0.171554
0.790456
0.128725
0.218833
0.464101
0.894501
0.346814
0.783006
0.669787
0.285914
0.407371
0.370618
0.879454
0.844264
0.514982
0.623569
0.376789
0.036929
0.621522
0.874042
0.967329
0.0845403
0.133552
0.713891
0.821188
0.430728
0.387986
0.966951
0.873716
0.959586
0.10118
0.609757
0.480145
0.448476
0.937687
0.65399
0.428972
0.843532
0.0753795
0.372384
0.437334
0.879318
0.577065
0.240966
0.0630057
0.200409
0.129272
0.520668
0.924723
0.405952
0.0646712
0.894606
0.647063
0.0278166
0.211666
0.93041
0.27582
0.488384
0.872065
0.110995
0.0897655
0.0013187
0.110132
0.642049
0.212491
0.591548
0.437385
0.711282
0.159016
0.559967
0.392813
0.479059
0.762256
0.341478
0.544359
0.402418
0.687875
0.514641
0.295949
0.970269
0.994349
0.583594
0.924218
0.913862
0.999285
0.970392
0.0709031
0.569736
0.882385
0.842218
0.949185
0.620915
0.0415524
0.201546
0.254414
0.821152
0.731384
0.230625
0.0158994
0.277739
0.0270077
0.323118
0.570375
0.0359404
0.49712
0.139455
0.950949
0.733205
0.0902977
0.191902
0.559436
0.841935
0.994903
0.517291
0.291134
0.134608
0.803149
0.288299
0.728127
0.539282
0.828235
0.825301
0.991115
0.240188
0.0235646
0.00392293
0.463987
0.915917
0.248761
0.866535
0.926701
0.66814
0.0671009
0.672084
0.128878
0.81877
0.871447
0.836359
0.32841
0.00293885
0.336296
0.194799
0.512397
0.680149
0.642669
0.0549804
0.135686
0.0886111
0.501676
0.155303
0.29645
0.598006
0.93131
0.00607702
0.921669
0.787374
0.715212
0.0270592
0.581923
0.397449
0.173762
0.883218
0.87203
0.69093
0.856865
0.753673
0.377632
0.365262
0.651882
0.3802
0.883146
0.433662
0.615019
0.123725
0.123344
0.0920885
0.615282
0.708401
0.939448
0.26087
0.392094
0.142885
0.866003
0.426183
0.122916
0.230355
0.970513
0.344008
0.293398
0.251002
0.402029
0.444851
0.0235798
0.0899476
0.289312
0.644156
0.346588
0.587042
0.0745722
0.993856
0.631254
0.19919
0.940295
0.107349
0.625019
0.829985
0.0767532
0.536444
0.552532
0.941096
0.843654
0.501478
0.591534
0.724623
0.520376
0.162919
0.450086
0.769732
0.601246
0.15303
0.60281
0.651411
0.578783
0.995663
0.451512
0.819255
0.0850887
0.394221
0.675035
0.415284
0.427547
0.24004
0.715981
0.284499
0.236984
0.228411
0.431546
0.149702
0.70739
0.706577
0.85268
0.45077
0.938715
0.929616
0.864195
0.446568
0.478205
0.272989
0.942713
0.579202
0.274249
0.367411
0.0186882
0.789428
0.814443
0.236048
0.107392
0.0446495
0.623843
0.691575
0.532578
0.898399
0.357029
0.142833
0.0539633
0.03375
0.383106
0.828104
0.749767
0.915758
0.840338
0.959432
0.341284
0.197327
0.465178
0.422636
0.394359
0.317912
0.500945
0.0857816
0.865751
0.271298
0.419483
0.567545
0.645205
0.877139
0.667909
0.746911
0.897893
0.764524
0.60648
0.384918
0.981638
0.972092
0.025621
0.304533
0.946043
0.475075
0.619087
0.963229
0.62666
0.259684
0.00112603
0.541264
0.60176
0.486322
0.633671
0.671742
0.0179605
0.928223
0.893978
0.138728
0.382074
0.475772
0.321195
0.101418
0.566219
0.177587
0.289914
0.864172
0.907877
0.505444
0.400538
0.29948
0.668307
0.979758
0.489713
0.530141
0.296277
0.919553
0.319435
0.86233
0.56754
0.507109
0.145145
0.660464
0.25375
0.407309
0.706455
0.476141
0.504686
0.0972914
0.582516
0.144989
0.418474
0.311005
0.307059
0.320946
0.939885
0.21142
0.488862
0.427235
0.247912
0.955978
0.281041
0.0162992
0.460063
0.609073
0.872351
0.538593
0.475545
0.0819151
0.397925
0.820909
0.952397
0.735646
0.325501
0.987614
0.226904
0.0212592
0.58662
0.679012
0.339126
0.859938
0.552556
0.251
0.967806
0.151449
0.906086
0.26951
0.506266
0.489945
0.253908
0.537197
0.024146
0.0924344
0.134742
0.901739
0.00216982
0.00891042
0.263239
0.699743
0.684346
0.0223751
0.986392
0.0475403
0.673509
0.980913
0.0433042
0.142392
0.877104
0.548076
0.785008
0.839607
0.306477
0.861809
0.283758
0.353676
0.520445
0.337375
0.396177
0.220651
0.225097
0.274366
0.485703
0.985719
0.192526
0.170207
0.451363
0.593215
0.387382
0.917515
0.0829222
0.0643887
0.250751
0.46236
0.00327802
0.962796
0.227087
0.34386
0.913882
0.312272
0.591977
0.593222
0.736634
0.722839
0.920173
0.959299
0.0213436
0.710091
0.655046
0.848227
0.768318
0.262701
0.650978
0.458884
0.772297
0.0987348
0.79292
0.261068
0.895493
0.665498
0.706266
0.36568
0.2532
0.43666
0.65502
0.938934
0.232822
0.762816
0.383319
0.950148
0.851419
0.847437
0.467731
0.483552
0.63247
0.992733
0.0477898
0.720483
0.616857
0.218626
0.253795
0.554405
0.464396
0.654997
0.829954
0.42607
0.0267115
0.0275948
0.160091
0.868613
0.633677
0.131559
0.167453
0.642209
0.0984247
0.107196
0.549733
0.582269
0.63024
0.810564
0.699272
0.964608
0.647684
0.627716
0.368458
0.883557
0.13165
0.0393679
0.647938
0.881741
0.992573
0.483694
0.974144
0.0265025
0.933531
0.977072
0.822409
0.565975
0.962356
0.518717
0.304167
0.39826
0.114833
0.553663
0.708529
0.276849
0.382723
0.163855
0.180691
0.976697
0.496507
0.656689
0.635493
0.751462
0.747541
0.562852
0.290283
0.741826
0.374228
0.972692
0.67867
0.282153
0.169261
0.729032
0.15855
0.031389
0.155168
0.439511
0.233019
0.440929
0.748636
0.914282
0.241851
0.93441
0.0333715
0.10614
0.574853
0.657814
0.358867
0.752791
0.0623531
0.264902
0.51711
0.695927
0.865865
0.800668
0.294374
0.373398
0.156392
0.850955
0.61285
0.264455
0.265506
0.500095
0.812303
0.0529394
0.847987
0.256316
0.223635
0.98336
0.912637
0.340151
0.449658
0.492105
0.190599
0.729662
0.334416
0.112708
0.6978
0.571987
0.216928
0.213154
0.372769
0.131314
0.167362
0.597951
0.697349
0.336925
0.231704
0.425976
0.685269
0.276953
0.395183
0.0613239
0.207115
0.12445
0.161564
0.687458
0.00953385
0.591732
0.236378
0.782747
0.0692901
0.301456
0.97405
0.615901
0.467121
0.114854
0.05916
0.928549
0.546463
0.626252
0.946828
0.715899
0.94854
0.0746233
0.36523
0.919313
0.979383
0.182651
0.443489
0.500576
0.481313
0.134357
0.345141
0.355376
0.663341
0.344016
0.909107
0.282585
0.478624
0.439934
0.159302
0.0919924
0.036146
0.423151
0.0407578
0.229616
0.4087
0.865924
0.486463
0.80677
0.932639
0.783938
0.4023
0.413548
0.0704691
0.244761
0.778293
0.349488
0.718811
0.113325
0.789523
0.61407
0.367912
0.558073
0.398341
0.349899
0.0736819
0.896736
0.931287
0.463015
0.691488
0.979931
0.279848
0.608161
0.194996
0.575555
0.310988
0.371396
0.55814
0.0655676
0.35977
0.00444766
0.70255
0.882634
0.11881
0.68331
0.200658
0.622439
0.769268
0.932577
0.965728
0.0670671
0.424172
0.971628
0.777742
0.33716
0.473693
0.197915
0.537794
0.741505
0.136693
0.75697
0.529904
0.640417
0.179573
0.432165
0.0573474
0.390033
0.385482
0.109186
0.111437
0.0336412
0.953223
0.66827
0.973597
0.091779
0.575709
0.72903
0.575128
0.974399
0.659208
0.651823
0.278557
0.97825
0.798504
0.431109
0.346107
0.773385
0.268242
0.437532
0.656174
0.996521
0.234073
0.96065
0.515823
0.416336
0.018725
0.70282
0.510333
0.121057
0.267378
0.702749
0.589665
0.14042
0.985956
0.172621
0.254726
0.723663
0.854643
0.226885
0.770821
0.528326
0.308134
0.362886
0.609594
0.637227
0.37144
0.122883
0.540176
0.289101
0.577534
0.875685
0.298083
0.267981
0.867245
0.827092
0.680384
0.101706
0.315507
0.306797
0.527062
0.588666
0.549586
0.0820601
0.335394
0.893387
0.852204
0.609409
0.903052
0.232875
0.938451
0.270263
0.76231
0.297939
0.743079
0.09437
0.123575
0.993775
0.492642
0.41133
0.215898
0.0985641
0.30315
0.313513
0.194831
0.875082
0.578562
0.891291
0.000520795
0.982704
0.314906
0.585126
0.0332042
0.646902
0.0971068
0.0134803
0.398405
0.0744743
0.229731
0.403201
0.394479
0.468641
0.680034
0.136635
0.529449
0.12936
0.557909
0.260524
0.902183
0.731108
0.684867
0.663172
0.195244
0.555814
0.153971
0.337318
0.548578
0.516307
0.705571
0.0103422
0.839333
0.817373
0.275233
0.101989
0.386948
0.391713
0.462464
0.874749
0.725272
0.277581
0.448913
0.666896
0.377346
0.174081
0.0644244
0.0562564
0.721147
0.46694
0.281551
0.196248
0.0557413
0.265723
0.607034
0.398804
0.312179
0.13031
0.797449
0.193232
0.698787
0.91045
0.0978483
0.137827
0.154907
0.513942
0.751003
0.949969
0.339231
0.522513
0.930724
0.45542
0.45825
0.8069
0.305908
0.166832
0.909845
0.483308
0.0904125
0.352093
0.837213
0.166863
0.385881
0.237962
0.707021
0.385714
0.865709
0.656903
0.623587
0.27791
0.677398
0.887024
0.270438
0.503685
0.562851
0.315727
0.371331
0.628208
0.569227
0.451461
0.324587
0.996631
0.20873
0.933759
0.0683259
0.694362
0.936336
0.463756
0.225631
0.259368
0.197913
0.335823
0.572738
0.785518
0.870516
0.825414
0.120209
0.667032
0.328936
0.668154
0.932861
0.186185
0.378994
0.666832
0.138127
0.70804
0.0492561
0.174484
0.583888
0.50549
0.532298
0.413782
0.0734167
0.615497
0.935726
0.477465
0.947646
0.179108
0.12601
0.208462
0.972578
0.494918
0.564454
0.257099
0.904584
0.0782097
0.685525
0.492087
0.0929112
0.355749
0.634118
0.60219
0.0558291
0.800673
0.630972
0.335244
0.513846
0.488066
0.113817
0.290748
0.889229
0.976644
0.119479
0.430223
0.774465
0.398744
0.0456977
0.163371
0.799396
0.667145
0.566434
0.0972154
0.990078
0.364472
0.455453
0.359103
0.702574
0.146898
0.792568
0.54258
0.276629
0.878887
0.132791
0.962753
0.164942
0.211061
0.633929
0.885517
0.24795
0.0174731
0.791823
0.679374
0.230253
0.563046
0.627413
0.0745207
0.407451
0.0924672
0.749321
0.874806
0.0563792
0.891412
0.0109419
0.342633
0.726586
0.415973
0.589908
0.104259
0.846256
0.0462116
0.571969
0.534104
0.724016
0.884643
0.391026
0.312927
0.00115682
0.314982
0.912829
0.290979
0.272419
0.670907
0.759075
0.743092
0.577352
0.263348
0.115947
0.46809
0.35987
0.10004
0.602859
0.497008
0.738874
0.685757
0.581816
0.811795
0.858559
0.827096
0.0986306
0.931484
0.260259
0.58657
0.272192
0.354685
0.093532
0.635066
0.966468
0.956071
0.635227
0.860903
0.262418
0.204817
0.955649
0.317697
0.484224
0.853379
0.678958
0.626373
0.811364
0.672878
0.0399194
0.285933
0.164398
0.937557
0.96197
0.532708
0.753068
0.692706
0.76274
0.6523
0.435921
0.134285
0.347586
0.779103
0.802415
0.00680697
0.538969
0.797944
0.10103
0.474629
0.94808
0.191315
0.928484
0.259417
0.229625
0.661332
0.90957
0.785445
0.126757
0.744696
0.0730191
0.172399
0.396887
0.35494
0.760222
0.00291226
0.352435
0.334921
0.0184691
0.0990315
0.482403
0.511264
0.696859
0.26163
0.545732
0.187362
0.526463
0.581016
0.544026
0.769182
0.537439
0.53402
0.327702
0.373388
0.208461
0.505384
0.533594
0.268517
0.882808
0.0657702
0.56104
0.853173
0.591158
0.906661
0.731437
0.537955
0.476252
0.0774583
0.519192
0.646009
0.721296
0.967711
0.816153
0.736591
0.41508
0.0979444
0.592735
0.912262
0.634023
0.363433
0.041475
0.81139
0.39933
0.719159
0.364122
0.558786
0.2618
0.636551
0.118242
0.579541
0.153021
0.520199
0.335899
0.175989
0.758572
0.38435
0.403443
0.37563
0.465986
0.659858
0.289331
0.511549
0.100196
0.0728931
0.362539
0.982123
0.208905
0.787927
0.489084
0.333052
0.159502
0.450573
0.717526
0.930316
0.126455
0.333505
0.551666
0.41331
0.075494
0.0406806
0.119054
0.98122
0.265938
0.985338
0.445421
0.92962
0.531358
0.173497
0.351582
0.721756
0.4758
0.119248
0.29709
0.282042
0.663008
0.905507
0.358063
0.440057
0.663107
0.157496
0.663118
0.755391
0.732645
0.679789
0.17292
0.090278
0.270079
0.660042
0.0889695
0.0438844
0.765887
0.242086
0.0291104
0.318284
0.736325
0.66033
0.0241784
0.178908
0.0528158
0.421888
0.416303
0.233621
0.535697
0.171455
0.513961
0.474235
0.462273
0.431847
0.875295
0.175851
0.790268
0.975634
0.445475
0.955274
0.370907
0.17748
0.980506
0.110498
0.899638
0.278506
0.0331046
0.401534
0.0165618
0.312046
0.23701
0.622501
0.671659
0.420267
0.741398
0.998183
0.795593
0.906437
0.241273
0.572811
0.424564
0.233201
0.275487
0.856859
0.912195
0.240878
0.364398
0.377125
0.176871
0.400007
0.563577
0.207226
0.673851
0.91393
0.155395
0.955147
0.138334
0.311778
0.888834
0.57134
0.143887
0.182718
0.0393145
0.0391719
0.106843
0.697736
0.804505
0.669727
0.101946
0.815108
0.390367
0.78867
0.212841
0.48303
0.438909
0.738946
0.768741
0.979887
0.639374
0.430441
0.852413
0.911813
0.116468
0.943852
0.136433
0.930289
0.9337
0.513024
0.389647
0.804039
0.851111
0.525596
0.793553
0.708464
0.877073
0.891953
0.225936
0.920158
0.00595971
0.61279
0.357147
0.364
0.197702
0.539216
0.385902
0.704338
0.171629
0.392865
0.604864
0.655102
0.46054
0.841451
0.725084
0.897
0.387631
0.637574
0.375234
0.0245642
0.00142723
0.237718
0.767886
0.989301
0.890433
0.192371
0.899342
0.83761
0.686669
0.0249445
0.760696
0.910814
0.991258
0.382975
0.261549
0.727174
0.488768
0.136985
0.820237
0.353388
0.293539
0.849716
0.541475
0.177143
0.952575
0.0459233
0.506515
0.135122
0.924755
0.922016
0.61392
0.634547
0.0921118
0.0915655
0.804778
0.906492
0.000322623
0.298787
0.28615
0.407368
0.128037
0.28519
0.692071
0.171869
0.52058
0.0714563
0.369804
0.95429
0.50084
0.402793
0.621894
0.608155
0.413554
0.0384557
0.365758
0.375392
0.0722931
0.788267
0.692189
0.570176
0.527809
0.257607
0.868022
0.909909
0.135324
0.217429
0.4578
0.06182
0.765657
0.947538
0.327871
0.78417
0.513827
0.873656
0.0369431
0.622886
0.161738
0.80033
0.492361
0.176697
0.897905
0.912539
0.875027
0.534269
0.763391
0.549986
0.267227
0.572595
0.78275
0.998028
0.694485
0.419388
0.597882
0.24726
0.297964
0.717205
0.0801378
0.397221
0.394243
0.120562
0.418913
0.869383
0.0776727
0.508287
0.567567
0.0765026
0.340644
0.738435
0.630565
0.327865
0.0655263
0.00721741
0.700024
0.778687
0.650074
0.923681
0.0238006
0.678271
0.790844
0.0233079
0.801551
0.700263
0.803704
0.67658
0.979165
0.855506
0.968437
0.66613
0.144306
0.577534
0.387733
0.5874
0.467614
0.943177
0.139255
0.593139
0.585529
0.867975
0.429724
0.307939
0.539351
0.124885
0.730777
0.938132
0.0968222
0.823444
0.872609
0.937538
0.266243
0.677067
0.636402
0.00418908
0.0635212
0.71732
0.189139
0.679131
0.162602
0.441226
0.800514
0.986882
0.202612
0.748727
0.969616
0.327519
0.868261
0.402903
0.0777034
0.948609
0.955463
0.394058
0.699496
0.0831718
0.449305
0.475107
0.463291
0.422684
0.417453
0.897502
0.684178
0.80053
0.601421
0.0231053
0.504426
0.0770158
0.52897
0.211914
0.550248
0.372298
0.0901532
0.32429
0.478639
0.939657
0.814758
0.058081
0.212473
0.657525
0.973348
0.641643
0.991454
0.49458
0.363603
0.547649
0.911236
0.593984
0.959911
0.597794
0.77806
0.70282
0.364345
0.121282
0.564403
0.852634
0.768746
0.646147
0.721621
0.16504
0.962065
0.132577
0.635466
0.0839054
0.176578
0.0678803
0.787487
0.928162
0.52289
0.499172
0.453712
0.245075
0.848156
0.933681
0.713376
0.47563
0.622219
0.907795
0.23149
0.506347
0.297071
0.324444
0.258929
0.373708
0.0728796
0.36962
0.573086
0.88471
0.093117
0.123505
0.269651
0.880249
0.0178826
0.0730767
0.644881
0.169918
0.243983
0.496323
0.845112
0.0256519
0.0111969
0.651192
0.619082
0.0174043
0.38507
0.832993
0.102613
0.267474
0.661002
0.172125
0.22636
0.916482
0.579961
0.259494
0.462278
0.607819
0.884955
0.364561
0.510065
0.640735
0.745045
0.284581
0.888381
0.407163
0.763889
0.858327
0.94272
0.119368
0.438712
0.348491
0.748105
0.334797
0.92906
0.775139
0.847979
0.0648759
0.852313
0.375353
0.257012
0.621919
0.851171
0.100355
0.116828
0.518901
0.358904
0.525056
0.303104
0.578976
0.111657
0.141452
0.269397
0.721343
0.420375
0.457699
0.597514
0.566775
0.923645
0.388715
0.550326
0.884375
0.0439359
0.538098
0.273616
0.582831
0.113688
0.649473
0.438326
0.313662
0.240779
0.953854
0.207218
0.432744
0.905704
0.530884
0.478525
0.764945
0.706275
0.437093
0.361855
0.447486
0.83108
0.277401
0.262347
0.875434
0.0937911
0.355866
0.174949
0.476172
0.426199
0.58625
0.421768
0.904221
0.698453
0.511103
0.0560161
0.483273
0.516696
0.599346
0.461443
0.495197
0.714871
0.558707
0.105456
0.243316
0.796392
0.796701
0.38269
0.638362
0.901492
0.709103
0.254032
0.00676437
0.194778
0.807639
0.0836686
0.77669
0.850144
0.335812
0.973684
0.975647
0.520633
0.854
0.27339
0.940599
0.91307
0.0111857
0.145857
0.409547
0.308477
0.91231
0.7229
0.707586
0.794375
0.629337
0.218036
0.885844
0.903676
0.545775
0.382773
0.48083
0.773006
0.723969
0.0280432
0.0546457
0.707675
0.943588
0.577149
0.357826
0.649301
0.47668
0.498105
0.809977
0.542324
0.782061
0.100612
0.326562
0.103852
0.376244
0.901964
0.328675
0.880953
0.893518
0.93925
0.489757
0.166925
0.725546
0.265295
0.797577
0.693772
0.481308
0.550133
0.0215715
0.398418
0.849526
0.138575
0.683767
0.609388
0.984877
0.642959
0.713807
0.811074
0.722062
0.104943
0.753521
0.479436
0.980231
0.0360258
0.0320558
0.359111
0.34288
0.980133
0.360679
0.838475
0.469506
0.0562276
0.250211
0.931842
0.301062
0.587364
0.0827086
0.278124
0.819179
0.181265
0.114724
0.118271
0.851862
0.495489
0.378418
0.481366
0.268835
0.378909
0.914948
0.4297
0.933896
0.239046
0.101083
0.466722
0.0907066
0.449353
0.696182
0.933142
0.118764
0.0555443
0.406721
0.679565
0.193649
0.431182
0.069026
0.698731
0.996107
0.0824402
0.520653
0.924368
0.363906
0.108773
0.955961
0.768884
0.434709
0.293245
0.792913
0.123094
0.773041
0.581194
0.46274
0.124683
0.835293
0.286254
0.670503
0.3106
0.347483
0.550592
0.898127
0.786218
0.416959
0.142864
0.694861
0.77265
0.264293
0.24466
0.152894
0.025636
0.7205
0.569191
0.365409
0.350872
0.790834
0.616004
0.55533
0.216557
0.778001
0.611094
0.527065
0.186972
0.780166
0.18627
0.956034
0.750436
0.502354
0.957104
0.167799
0.960067
0.204016
0.504458
0.0127812
0.674437
0.964711
0.00227849
0.463554
0.684599
0.331595
0.354824
0.619765
0.0486276
0.860135
0.967603
0.489314
0.616479
0.425678
0.208959
0.450472
0.743486
0.0328198
0.512741
0.650582
0.949819
0.959953
0.827018
0.837876
0.939465
0.954978
0.632772
0.760951
0.511721
0.688325
0.953406
0.41879
0.615963
0.856969
0.711276
0.757164
0.490113
0.741519
0.449386
0.00842405
0.288617
0.478919
0.0599549
0.405186
0.616573
0.23536
0.592473
0.276414
0.935885
0.68394
0.897805
0.9752
0.80882
0.743095
0.0650894
0.791227
0.104732
0.0040232
0.173636
0.644724
0.2936
0.228666
0.756375
0.189224
0.749208
0.474686
0.855744
0.356521
0.431337
0.916518
0.721185
0.618385
0.363059
0.756261
0.0107749
0.134434
0.108927
0.26215
0.0767545
0.135135
0.336982
0.260762
0.888864
0.449048
0.0527374
0.752399
0.368327
0.652825
0.302075
0.0750656
0.0564546
0.843674
0.852916
0.530909
0.671457
0.960126
0.0930819
0.364001
0.311657
0.385274
0.722163
0.180794
0.325284
0.981355
0.397943
0.043688
0.813933
0.434504
0.499561
0.591192
0.80719
0.459998
0.16819
0.208438
0.275681
0.28904
0.0214645
0.796894
0.725026
0.690295
0.184757
0.364356
0.300624
0.983452
0.974764
0.579541
0.617266
0.268144
0.912359
0.663533
0.866457
0.221619
0.143439
0.273202
0.567022
0.868201
0.562574
0.788003
0.666772
0.804968
0.177133
0.91677
0.579961
0.887708
0.0794464
0.132177
0.911573
0.138034
0.611711
0.426241
0.115135
0.65628
0.007703
0.406954
0.0111531
0.614775
0.306509
0.0838224
0.678199
0.0379732
0.135153
0.338963
0.857021
0.262839
0.849908
0.926785
0.775532
0.407504
0.213788
0.455864
0.12787
0.389511
0.247703
0.958556
0.00684944
0.97373
0.860107
0.783571
0.816094
0.93038
0.118713
0.999868
0.859951
0.109641
0.8165
0.327414
0.619976
0.817617
0.396077
0.371121
0.341658
0.871064
0.618298
0.0594695
0.195125
0.565662
0.538122
0.00597238
0.585335
0.0422545
0.0523942
0.659429
0.858749
0.17824
0.9251
0.295125
0.111307
0.329965
0.640213
0.675864
0.0228216
0.944546
0.0676001
0.730746
0.939124
0.351467
0.618262
0.232536
0.0758391
0.0159637
0.0161302
0.521696
0.290239
0.618126
0.41615
0.0976202
0.185723
0.445694
0.711622
0.920836
0.959983
0.260043
0.0592419
0.430996
0.10801
0.234256
0.349759
0.505872
0.0394517
0.266168
0.0927712
0.0165571
0.969983
0.703164
0.0402368
0.817581
0.00362099
0.97788
0.218392
0.944113
0.344538
0.65517
0.313445
0.799436
0.779536
0.467429
0.238243
0.672191
0.164181
0.913341
0.121529
0.88995
0.305796
0.995394
0.698182
0.559338
0.335528
0.928352
0.543973
0.693247
0.163317
0.937747
0.639822
0.663695
0.357391
0.758839
0.0711172
0.568705
0.589938
0.322072
0.0363127
0.109411
0.381433
0.18761
0.725349
0.63531
0.058034
0.771545
0.137941
0.167462
0.545172
0.615536
0.740393
0.500465
0.12067
0.522681
0.68101
0.135411
0.86806
0.904768
0.358882
0.776345
0.626163
0.587335
0.665667
0.127284
0.809342
0.46017
0.563377
0.0371264
0.125021
0.421476
0.649267
0.666491
0.0635055
0.590759
0.964543
0.605938
0.626827
0.400108
0.780096
0.926482
0.471559
0.639864
0.272556
0.376261
0.546314
0.878277
0.721551
0.13892
0.218748
0.782716
0.199362
0.0411107
0.666087
0.516886
0.155521
0.691757
0.720983
0.246661
0.68594
0.179029
0.891662
0.132801
0.196204
0.621763
0.634392
0.357431
0.609431
0.234563
0.453913
0.578445
0.854705
0.896943
0.684267
0.27713
0.236607
0.212049
0.431109
0.610753
0.442726
0.100826
0.882401
0.948149
0.677095
0.0799886
0.983438
0.554264
0.0294972
0.625316
0.496183
0.616433
0.165735
0.705573
0.247064
0.173455
0.312436
0.0341264
0.0284777
0.726261
0.488124
0.519342
0.781456
0.514365
0.128212
0.420052
0.148709
0.505533
0.699812
0.832794
0.160338
0.0381744
0.823506
0.934044
0.716432
0.203378
0.0540377
0.0291712
0.445929
0.502526
0.666736
0.106148
0.638934
0.277592
0.560595
0.528979
0.863253
0.45433
0.989423
0.458599
0.730442
0.908876
0.795298
0.16986
0.912274
0.647622
0.413277
0.0438969
0.1529
0.518336
0.0918784
0.241054
0.148552
0.569174
0.417178
0.514676
0.739191
0.329947
0.52186
0.497587
0.0737958
0.536375
0.944604
0.348559
0.0735224
0.675523
0.171503
0.67191
0.659416
0.223718
0.155796
0.121552
0.514367
0.387398
0.680626
0.282822
0.66075
0.206222
0.585691
0.234327
0.0473734
0.134413
0.322941
0.575043
0.79638
0.488403
0.348397
0.53981
0.114926
0.602723
0.711702
0.00743263
0.782635
0.571009
0.544472
0.992551
0.507837
0.110252
0.78285
0.195023
0.780298
0.901192
0.700819
0.750628
0.157172
0.715578
0.842494
0.144262
0.731487
0.0498864
0.283215
0.817012
0.6782
0.532094
0.503185
0.808311
0.300766
0.552645
0.630796
0.833856
0.252046
0.0418744
0.219339
0.991056
0.871568
0.256634
0.409017
0.280334
0.355208
0.182268
0.0346747
0.779261
0.848184
0.528132
0.849706
0.333096
0.399014
0.468573
0.584398
0.146743
0.879479
0.283511
0.254424
0.895628
0.836454
0.583375
0.238357
0.986703
0.302997
0.427793
0.703036
0.30527
0.474265
0.672067
0.47123
0.904427
0.997884
0.340206
0.228383
0.679367
0.255641
0.0183418
0.44824
0.726925
0.872795
0.416777
0.639172
0.689365
0.822742
0.583061
0.464883
0.142897
0.795866
0.868347
0.418529
0.603254
0.143758
0.586037
0.869381
0.00326965
0.892929
0.652108
0.114511
0.646588
0.0784532
0.482439
0.697711
0.841647
0.421986
0.842692
0.675935
0.563677
0.806962
0.598821
0.751262
0.057531
0.17564
0.274022
0.772183
0.0487449
0.47628
0.850251
0.650703
0.186487
0.863671
0.206055
0.851615
0.121706
0.954472
0.993174
0.700489
0.742252
0.597733
0.17653
0.3904
0.380145
0.361738
0.0582094
0.66793
0.743385
0.805945
0.135389
0.649693
0.991644
0.383374
0.403075
0.63201
0.747112
0.956959
0.274585
0.980234
0.72827
0.853332
0.0995552
0.312413
0.601455
0.137982
0.324255
0.347651
0.201366
0.897058
0.242336
0.168018
0.380612
0.761625
0.517789
0.587576
0.163611
0.530164
0.098106
0.0572669
0.676867
0.652341
0.517903
0.251277
0.0719089
0.00305907
0.588675
0.514329
0.269011
0.217093
0.00710713
0.435561
0.848575
0.13031
0.756787
0.0906963
0.704111
0.576193
0.0951167
0.364943
0.909124
0.812822
0.846223
0.938565
0.40758
0.321632
0.816563
0.712058
0.36287
0.145436
0.322709
0.916604
0.130506
0.393013
0.649784
0.588532
0.214024
0.833966
0.769421
0.7069
0.229218
0.766149
0.659538
0.0645533
0.470371
0.212933
0.119072
0.575247
0.790127
0.556212
0.164315
0.0240205
0.770805
0.523963
0.118202
0.0805379
0.758059
0.73731
0.10421
0.692518
0.925854
0.634675
0.80841
0.294674
0.505523
0.884912
0.756055
0.00463918
0.437776
0.657115
0.33103
0.582649
0.379521
0.131478
0.21094
0.0146069
0.937421
0.724137
0.136598
0.739651
0.881259
0.197269
0.843442
0.18845
0.45564
0.751644
0.76009
0.667769
0.938427
0.212943
0.937382
0.362816
0.318445
0.101047
0.911427
0.715863
0.166727
0.0122046
0.594236
0.564522
0.261363
0.236212
0.591702
0.626044
0.285842
0.0751098
0.0870552
0.115764
0.0308681
0.904584
0.882455
0.732229
0.646723
0.373371
0.212981
0.21273
0.159083
0.308159
0.249338
0.441995
0.301132
0.734728
0.352953
0.782467
0.313951
0.985469
0.952762
0.0161913
0.0417219
0.915279
0.599167
0.62603
