# List
0.675506
0.240735
0.252708
0.998866
0.706505
0.562251
0.81259
0.329825
0.912923
0.690938
0.951437
0.394538
0.591927
0.158665
0.89566
0.553294
0.494735
0.723927
0.753085
0.472401
0.86498
0.705789
0.100163
0.338948
0.180323
0.958311
0.289638
0.312786
0.996615
0.156356
0.653199
0.10434
0.0813208
0.597669
0.558566
0.875286
0.144157
0.147658
0.865071
0.83295
0.368334
0.327481
0.819704
0.983326
0.187221
0.306622
0.212594
0.783225
0.905732
0.955845
0.674146
0.892697
0.393116
0.434388
0.486118
0.652671
0.202081
0.539355
0.25534
0.358556
0.407596
0.5432
0.311562
0.0591741
0.127722
0.100997
0.660346
0.125214
0.051365
0.332782
0.280249
0.589481
0.510142
0.793363
0.116707
0.551913
0.684254
0.950261
0.247501
0.674092
0.896203
0.0178398
0.894883
0.216551
0.209901
0.798498
0.420774
0.371854
0.978874
0.533606
0.170755
0.0301001
0.714894
0.540101
0.919086
0.852296
0.810252
0.512598
0.737834
0.160171
0.376533
0.861336
0.452661
0.397583
0.891733
0.441762
0.0735638
0.910553
0.799918
0.598102
0.945728
0.89616
0.502971
0.428205
0.335163
0.0646284
0.69009
0.689595
0.243116
0.0104773
0.805448
0.4914
0.998804
0.668767
0.91206
0.390481
0.5979
0.734283
0.0292946
0.945651
0.328168
0.283822
0.862868
0.0694321
0.938335
0.44973
0.938591
0.99969
0.736562
0.16904
0.799168
0.695389
0.908762
0.0625309
0.927449
0.387346
0.364258
0.444418
0.243014
0.376545
0.566981
0.106913
0.00180451
0.46931
0.833423
0.743579
0.526592
0.456035
0.676863
0.775371
0.414018
0.0405273
0.660561
0.167182
0.719711
0.755604
0.169241
0.283636
0.888779
0.0612136
0.249879
0.862124
0.32477
0.318296
0.253418
0.901881
0.913689
0.396433
0.850487
0.88672
0.0112123
0.235318
0.407247
0.13412
0.469191
0.949401
0.923804
0.226551
0.372566
0.939646
0.192219
0.868333
0.892943
0.500902
0.601537
0.764645
0.717987
0.393811
0.0825783
0.512314
0.954991
0.780142
0.133615
0.951795
0.634748
0.178946
0.911585
0.464916
0.873544
0.97327
0.496942
0.344524
0.626028
0.767131
0.491702
0.561347
0.584075
0.0312958
0.238746
0.302001
0.706069
0.112085
0.414045
0.149994
0.973656
0.069541
0.162385
0.632438
0.294269
0.431522
0.300308
0.374787
0.65351
0.861047
0.732619
0.00833704
0.486623
0.641732
0.705032
0.835776
0.153075
0.505823
0.406496
0.639894
0.158313
0.196308
0.603698
0.276114
0.999496
0.684326
0.0839298
0.187394
0.178281
0.86521
0.622409
0.284623
0.63603
0.0416561
0.402195
0.235621
0.703814
0.917589
0.785301
0.447941
0.599872
0.912989
0.47182
0.381767
0.460115
0.986252
0.565178
0.567516
0.525395
0.612931
0.784433
0.444083
0.789453
0.716171
0.641547
0.280134
0.331793
0.516158
0.452717
0.742775
0.320424
0.483083
0.0823868
0.271631
0.0868166
0.545019
0.95209
0.430309
0.267277
0.421835
0.435866
0.746564
0.517124
0.529338
0.673344
0.0927169
0.516746
0.615336
0.482811
0.191831
0.629057
0.877005
0.644092
0.0529981
0.856133
0.874019
0.8822
0.0599972
0.40388
0.826359
0.359175
0.162426
0.0937311
0.0665456
0.0518273
0.957145
0.469578
0.355116
0.0211466
0.457745
0.967498
0.843559
0.816338
0.830445
0.374868
0.65298
0.655353
0.545102
0.899105
0.843179
0.139837
0.35295
0.929912
0.664875
0.692395
0.851375
0.665331
0.638493
0.513207
0.947254
0.923098
0.909981
0.699602
0.0595866
0.183537
0.119254
0.414756
0.83468
0.352231
0.288696
0.987293
0.60143
0.720177
0.361349
0.469011
0.32888
0.441301
0.322454
0.953675
0.393278
0.0625341
0.285461
0.472973
0.68496
0.280148
0.197549
0.00446021
0.364162
0.911065
0.894543
0.686769
0.617433
0.656211
0.801115
0.627222
0.789809
0.318823
0.0486511
0.892327
0.429531
0.287908
0.653926
0.217843
0.475195
0.631294
0.54029
0.414934
0.538879
0.925719
0.938707
0.647438
0.947439
0.0934375
0.609354
0.752109
0.277288
0.688867
0.792842
0.21313
0.680188
0.524473
0.586738
0.719862
0.221668
0.747759
0.655738
0.430491
0.230907
0.0479641
0.120234
0.875144
0.304864
0.936625
0.32228
0.812694
0.539332
0.0632987
0.541894
0.399123
0.669725
0.367693
0.218678
0.225745
0.0957281
0.753216
0.740242
0.94587
0.00924007
0.0163005
0.0295524
0.320666
0.126509
0.877447
0.238148
0.796918
0.410099
0.734939
0.396158
0.31373
0.0383555
0.418577
0.0398182
0.860348
0.0613038
0.864917
0.0416224
0.752145
0.846541
0.931489
0.242325
0.0442921
0.577877
0.124681
0.869983
0.776582
0.622407
0.847551
0.0995265
0.973617
0.472816
0.288666
0.355887
0.0736702
0.114295
0.73781
0.452677
0.919066
0.857733
0.579965
0.950216
0.178967
0.442533
0.250674
0.792337
0.45815
0.324236
0.573476
0.0858259
0.856351
0.364379
0.348545
0.615921
0.714199
0.328063
0.532696
0.299081
0.272585
0.403727
0.447078
0.892013
0.83523
0.147202
0.0223746
0.469315
0.518616
0.880948
0.194432
0.479597
0.674773
0.237654
0.490169
0.633433
0.82459
0.172991
0.525339
0.777359
0.963143
0.903416
0.378132
0.685262
0.0895924
0.296024
0.0695917
0.599884
0.0596982
0.977926
0.754782
0.932112
0.568215
0.0163667
0.375387
0.662647
0.0419559
0.0635229
0.954784
0.16272
0.374902
0.244121
0.814434
0.243963
0.866785
0.598337
0.740046
0.805793
0.318907
0.613016
0.811568
0.15326
0.540045
0.781744
0.271764
0.90514
0.261533
0.710407
0.71113
0.226302
0.480872
0.118501
0.287308
0.807569
0.681397
0.325947
0.359798
0.399749
0.86246
0.0842751
0.896114
0.0754614
0.283565
0.548468
0.671207
0.501925
0.422311
0.0431946
0.606603
0.718458
0.261606
0.844003
0.990798
0.1544
0.97604
0.0749286
0.479516
0.394528
0.869897
0.177193
0.677136
0.295565
0.791439
0.927693
0.883196
0.568513
0.686317
0.557001
0.915177
0.504506
0.28963
0.70053
0.828715
0.0580174
0.544434
0.409932
0.872322
0.401707
0.263217
0.614546
0.689842
0.764523
0.704097
0.85443
0.683305
0.814061
0.0936057
0.786257
0.94007
0.55795
0.321453
0.0733829
0.248765
0.00453235
0.835965
0.999669
0.943177
0.840739
0.646543
0.663472
0.833226
0.705824
0.338868
0.740313
0.554837
0.465095
0.0528272
0.0778568
0.415751
0.541778
0.158197
0.0513429
0.0226292
0.619696
0.452422
0.415442
0.381779
0.617118
0.0237415
0.676038
0.182317
0.708018
0.321491
0.642905
0.771
0.108498
0.0709869
0.579968
0.761263
0.788078
0.129827
0.710816
0.805265
0.446632
0.686462
0.835784
0.449566
0.755573
0.434494
0.514655
0.861438
0.551074
0.681066
0.684622
0.461096
0.519412
0.063692
0.0570827
0.443781
0.414917
0.706896
0.28055
0.626367
0.85007
0.156004
0.285322
0.579354
0.618949
0.861241
0.421528
0.394435
0.92147
0.566673
0.781225
0.700971
0.630319
0.356104
0.31055
0.837128
0.426028
0.0685168
0.21614
0.896871
0.704168
0.105378
0.532976
0.0258642
0.674119
0.918617
0.409794
0.598013
0.463104
0.12034
0.514011
0.73034
0.617762
0.729099
0.631929
0.919459
0.670186
0.299527
0.0369528
0.00198367
0.491181
0.764132
0.779684
0.940363
0.839615
0.375765
0.145332
0.513753
0.0112266
0.729353
0.92963
0.108111
0.963115
0.279594
0.326542
0.40792
0.137828
0.796417
0.440629
0.0612437
0.826608
0.633646
0.983138
0.709119
0.00298418
0.857274
0.644194
0.637625
0.0140229
0.328088
0.534991
0.734367
0.751548
0.984766
0.757858
0.791647
0.568344
0.221044
0.72602
0.460442
0.847417
0.794847
0.607521
0.0696824
0.971509
0.648005
0.828235
0.539331
0.564855
0.853542
0.227816
0.768091
0.673913
0.103363
0.295419
0.211258
0.0457192
0.307929
0.405915
0.0502992
0.803844
0.849939
0.508704
0.785817
0.102471
0.980632
0.583782
0.762025
0.75617
0.569283
0.000857986
0.434721
0.593561
0.486136
0.677885
0.59551
0.913131
0.517734
0.108634
0.912546
0.119695
0.0598025
0.138795
0.688232
0.578204
0.119003
0.788791
0.971404
0.565269
0.876374
0.122879
0.231651
0.609857
0.908236
0.121618
0.961156
0.51753
0.118094
0.241947
0.606407
0.847853
0.124167
0.228958
0.981963
0.738997
0.64838
0.414561
0.522014
0.138281
0.282587
0.388198
0.658864
0.2251
0.71612
0.291833
0.107639
0.471329
0.440402
0.958687
0.932961
0.35522
0.927252
0.574894
0.897212
0.96483
0.952721
0.253116
0.926878
0.503537
0.689531
0.989029
0.767581
0.223813
0.270931
0.0799118
0.825134
0.559015
0.0156601
0.490659
0.68228
0.583098
0.345025
0.742147
0.714684
0.490264
0.576554
0.763598
0.373899
0.877951
0.605451
0.323987
0.48231
0.733427
0.292143
0.110726
0.6856
0.3063
0.428312
0.293883
0.93442
0.322156
0.370721
0.877961
0.950648
0.0951963
0.685818
0.885987
0.876311
0.0667657
0.168395
0.97986
0.435602
0.565731
0.442175
0.637651
0.820079
0.704115
0.861998
0.288754
0.0587142
0.27001
0.199525
0.798507
0.634127
0.479067
0.971891
0.178071
0.501604
0.128476
0.91171
0.186974
0.506041
0.431275
0.758741
0.379711
0.999046
0.236669
0.442734
0.165089
0.184945
0.409484
0.605336
0.849822
0.875432
0.753435
0.612226
0.518328
0.0257183
0.505443
0.527352
0.415964
0.724002
0.789481
0.730974
0.249627
0.397331
0.495576
0.743973
0.364524
0.293031
0.887439
0.288181
0.404389
0.71053
0.0457228
0.646502
0.241226
0.933173
0.646442
0.446345
0.0519598
0.236596
0.192521
0.483382
0.966177
0.718525
0.382472
0.823787
0.93328
0.798921
0.451726
0.936544
0.775912
0.935073
0.432803
0.201107
0.652689
0.60201
0.623413
0.420645
0.300301
0.00811872
0.277844
0.845671
0.950124
0.471479
0.469612
0.851984
0.0673793
0.739621
0.344883
0.0112194
0.978407
0.261837
0.715233
0.611536
0.142354
0.0751051
0.375166
0.145767
0.355288
0.478996
0.743575
0.56853
0.727954
0.739851
0.38825
0.777979
0.949251
0.172214
0.217503
0.756137
0.384058
0.426597
0.260445
0.89777
0.536808
