# Temp     Energy
1   -2   0.011018
1.05   -2   0.0141952
1.1   -1.94444   0.0176985
1.15   -2   0.0211576
1.2   -2   0.0252371
1.25   -2   0.0293963
1.3   -2   0.0337579
1.35   -1.94444   0.0385876
1.4   -2   0.0438461
1.45   -1.88889   0.0495469
1.5   -2   0.0549923
1.55   -2   0.0614339
1.6   -2   0.0679066
1.65   -1.88889   0.0751793
1.7   -2   0.082391
1.75   -1.86111   0.0906882
1.8   -1.5   0.0993882
1.85   -1.88889   0.108768
1.9   -1.77778   0.118615
1.95   -1.75   0.129292
2   -1.36111   0.14217
2.05   -1.63889   0.155269
2.1   -1.16667   0.169477
2.15   -1.94444   0.184666
2.2   -1.38889   0.201298
2.25   -1.30556   0.214819
2.3   -1.41667   0.225485
2.35   -1.72222   0.231602
2.4   -1.52778   0.231628
2.45   -1.30556   0.228367
2.5   -1.41667   0.220602
2.55   -1.27778   0.213369
2.6   -1.19444   0.202918
2.65   -1.13889   0.196283
2.7   -0.833333   0.188285
2.75   -0.972222   0.18239
2.8   -1.02778   0.176165
2.85   -0.75   0.17196
2.9   -0.805556   0.168322
2.95   -0.722222   0.16507
3   -0.638889   0.161775
3.05   -0.916667   0.159234
3.1   -0.75   0.156918
3.15   -0.888889   0.154689
3.2   -0.861111   0.152646
3.25   -0.805556   0.151422
3.3   -0.694444   0.150208
3.35   -0.527778   0.148904
3.4   -0.694444   0.147567
3.45   -0.555556   0.146805
3.5   -0.638889   0.145566
3.55   -0.805556   0.144424
3.6   -0.75   0.143628
3.65   -0.305556   0.14276
3.7   -0.527778   0.141689
3.75   -0.75   0.141272
3.8   -0.527778   0.140447
3.85   -0.527778   0.13977
3.9   -0.416667   0.139191
3.95   -0.388889   0.138558
4   -0.555556   0.137871
4.05   -0.333333   0.137214
4.1   -0.694444   0.13694
4.15   -0.555556   0.136508
4.2   -0.555556   0.135761
4.25   -0.416667   0.135383
4.3   -0.416667   0.13504
4.35   -0.444444   0.134417
4.4   -0.555556   0.134045
4.45   -0.5   0.133706
4.5   -0.25   0.133273
4.55   -0.666667   0.133026
4.6   -0.444444   0.132675
4.65   -0.444444   0.132364
4.7   -0.5   0.132125
4.75   -0.5   0.131678
4.8   -0.583333   0.131306
4.85   -0.333333   0.130866
4.9   -0.361111   0.130816
4.95   -0.527778   0.130434
5   -0.111111   0.130165
5.05   -0.527778   0.129942
5.1   -0.388889   0.129619
5.15   -0.722222   0.129625
5.2   -0.472222   0.12925
5.25   -0.333333   0.129081
5.3   -0.472222   0.1287
5.35   -0.222222   0.128627
5.4   -0.277778   0.128546
5.45   -0.333333   0.128202
5.5   -0.416667   0.127959
5.55   -0.361111   0.127665
5.6   -0.25   0.127446
5.65   -0.305556   0.127572
5.7   -0.472222   0.127158
5.75   -0.361111   0.127039
5.8   -0.472222   0.126807
5.85   -0.138889   0.126767
5.9   -0.416667   0.126537
5.95   -0.388889   0.126395
6   -0.416667   0.126221
6.05   -0.166667   0.126081
6.1   -0.111111   0.125967
6.15   -0.361111   0.125926
6.2   -0.333333   0.125701
6.25   -0.472222   0.125702
6.3   -0.361111   0.125391
6.35   -0.333333   0.125456
6.4   -0.361111   0.125284
6.45   -0.277778   0.12512
6.5   -0.361111   0.125039
6.55   -0.333333   0.124945
6.6   -0.111111   0.124705
6.65   -0.444444   0.124766
6.7   -0.222222   0.124689
6.75   -0.305556   0.124415
6.8   -0.5   0.124451
6.85   -0.388889   0.124257
6.9   -0.5   0.124142
6.95   -0.194444   0.12415
7   -0.388889   0.123968
7.05   -0.305556   0.123859
7.1   -0.333333   0.123776
7.15   -0.25   0.123757
7.2   -0.25   0.123634
7.25   -0.305556   0.123527
7.3   -0.305556   0.123478
7.35   -0.416667   0.123321
7.4   -0.305556   0.123429
7.45   -0.361111   0.123166
7.5   -0.166667   0.123222
7.55   -0.0833333   0.123068
7.6   -0.222222   0.122949
7.65   -0.361111   0.122942
7.7   -0.388889   0.122837
7.75   -0.222222   0.122901
7.8   0   0.122751
7.85   -0.277778   0.122599
7.9   -0.416667   0.122636
7.95   -0.277778   0.122655
8   -0.277778   0.122458
