# Temp     Energy
1   -3   0.00178986
1.05   -3   0.00318202
1.1   -3   0.00551307
1.15   -3   0.00388102
1.2   -3   0.00595906
1.25   -2.98889   0.00617758
1.3   -3   0.00706437
1.35   -3   0.00751078
1.4   -3   0.00745869
1.45   -3   0.0111941
1.5   -2.97778   0.0121441
1.55   -3   0.0125191
1.6   -2.97111   0.0154503
1.65   -2.98889   0.0162658
1.7   -2.96667   0.0168733
1.75   -2.98889   0.0217234
1.8   -2.96667   0.0220104
1.85   -2.95556   0.0224262
1.9   -2.91111   0.0237825
1.95   -2.92222   0.0298803
2   -2.88   0.0320287
2.05   -2.9   0.0322544
2.1   -2.95556   0.0387264
2.15   -2.90444   0.0353684
2.2   -2.9   0.0401531
2.25   -2.82222   0.0415945
2.3   -2.85556   0.0381738
2.35   -2.82   0.036158
2.4   -2.76444   0.0453794
2.45   -2.78667   0.0501828
2.5   -2.86444   0.0613121
2.55   -2.71333   0.0571362
2.6   -2.69778   0.0603799
2.65   -2.67778   0.0563204
2.7   -2.72444   0.0596804
2.75   -2.63556   0.0567276
2.8   -2.59333   0.06573
2.85   -2.55778   0.0816212
2.9   -2.70222   0.0706483
2.95   -2.52444   0.0655785
3   -2.52222   0.075835
3.05   -2.45111   0.083289
3.1   -2.40444   0.0746818
3.15   -2.48667   0.0815578
3.2   -2.43111   0.0842146
3.25   -2.40444   0.0917512
3.3   -2.26889   0.0943498
3.35   -2.34   0.082506
3.4   -2.17111   0.104112
3.45   -2.25556   0.105683
3.5   -2.14   0.0903872
3.55   -1.98889   0.110412
3.6   -2.07111   0.106259
3.65   -2.16889   0.104834
3.7   -1.92   0.10887
3.75   -1.92667   0.103133
3.8   -1.76889   0.0948738
3.85   -1.81333   0.0922341
3.9   -1.86   0.117358
3.95   -1.77111   0.106081
4   -1.93333   0.128512
4.05   -1.57778   0.106259
4.1   -1.97778   0.116137
4.15   -1.63778   0.104536
4.2   -1.60444   0.119046
4.25   -1.56222   0.125121
4.3   -1.69333   0.114295
4.35   -1.50889   0.116913
4.4   -1.65556   0.107372
4.45   -1.48222   0.127528
4.5   -1.43333   0.102201
4.55   -1.47778   0.0998538
4.6   -1.31778   0.10215
4.65   -1.37333   0.107865
4.7   -1.31778   0.0966701
4.75   -1.36   0.102323
4.8   -1.39778   0.1049
4.85   -1.27778   0.104931
4.9   -1.27333   0.092398
4.95   -1.27333   0.0945968
5   -1.01333   0.119113
5.05   -1.22889   0.101711
5.1   -1.19333   0.102231
5.15   -0.955556   0.107449
5.2   -1.08222   0.102598
5.25   -1.14444   0.1239
5.3   -1.05556   0.132588
5.35   -0.911111   0.110919
5.4   -1.08   0.114084
5.45   -1.23556   0.120579
5.5   -1.00889   0.104459
5.55   -1.00222   0.101188
5.6   -1.07333   0.106812
5.65   -1.00889   0.0999035
5.7   -0.882222   0.122802
5.75   -0.837778   0.114785
5.8   -1.00222   0.101368
5.85   -1.00222   0.102387
5.9   -0.973333   0.0901
5.95   -0.768889   0.0890989
6   -0.897778   0.0995852
6.05   -0.755556   0.119966
6.1   -0.8   0.102093
6.15   -0.773333   0.0944382
6.2   -0.851111   0.0950451
6.25   -0.78   0.0935916
6.3   -0.753333   0.092411
6.35   -0.711111   0.0896321
6.4   -0.811111   0.0992593
6.45   -0.824444   0.10187
6.5   -0.855556   0.105045
6.55   -0.897778   0.0833543
6.6   -0.762222   0.0923834
6.65   -0.615556   0.0840251
6.7   -0.788889   0.0823655
6.75   -0.875556   0.102631
6.8   -0.677778   0.098417
6.85   -0.58   0.0893091
6.9   -0.724444   0.099333
6.95   -0.777778   0.0866594
7   -0.711111   0.0856928
7.05   -0.537778   0.0916215
7.1   -0.78   0.0914432
7.15   -0.58   0.094318
7.2   -0.677778   0.105441
7.25   -0.713333   0.0946526
7.3   -0.575556   0.0960825
7.35   -0.544444   0.0947486
7.4   -0.842222   0.0870958
7.45   -0.588889   0.0830438
7.5   -0.726667   0.0810215
7.55   -0.717778   0.0782537
7.6   -0.653333   0.091744
7.65   -0.78   0.0830348
7.7   -0.491111   0.0940092
7.75   -0.553333   0.081454
7.8   -0.517778   0.089482
7.85   -0.404444   0.0932535
7.9   -0.475556   0.0860198
7.95   -0.622222   0.0849558
8   -0.493333   0.0904943
