# Temp     Magn. susceptibility
1   0.000122233   4.85094e-05
1.05   0.000893534   2.59543e-05
1.1   0.00211405   2.85483e-05
1.15   0.00310863   4.85127e-05
1.2   0.00886421   0.000100944
1.25   0.00668324   6.54998e-05
1.3   0.00898697   8.11159e-05
1.35   0.0120047   9.92294e-05
1.4   0.0157842   0.000181156
1.45   0.0215913   0.000164077
1.5   0.0260846   0.000161418
1.55   0.0332732   0.000326848
1.6   0.0420543   0.000226444
1.65   0.0539953   0.00022682
1.7   0.0671854   0.00224347
1.75   0.0869808   0.000381619
1.8   67.5525   0.00068708
1.85   51.3119   0.0015826
1.9   12.8983   0.00192754
1.95   53.5534   0.00075924
2   59.2966   0.00805164
2.05   55.4345   0.00414217
2.1   52.6895   0.0270098
2.15   47.9454   0.00545649
2.2   43.7634   0.102927
2.25   39.0609   0.0259781
2.3   34.0686   0.0946937
2.35   29.0364   0.0514175
2.4   24.6836   0.0511515
2.45   20.3058   0.0469188
2.5   16.7431   0.0364122
2.55   14.088   0.0136436
2.6   11.5878   0.0325559
2.65   9.82746   0.0308406
2.7   8.33786   0.0262011
2.75   7.15974   0.0274911
2.8   6.18431   0.0197009
2.85   5.46821   0.0196426
2.9   4.80385   0.0135209
2.95   4.30593   0.0154492
3   3.82408   0.0139922
3.05   3.4738   0.0118645
3.1   3.15431   0.0096981
3.15   2.87374   0.00845547
3.2   2.63384   0.0104942
3.25   2.46046   0.00966198
3.3   2.27472   0.00830925
3.35   2.11999   0.00996582
3.4   1.9859   0.00917282
3.45   1.86035   0.00664062
3.5   1.75762   0.00793611
3.55   1.64319   0.00686989
3.6   1.56764   0.00617435
3.65   1.47466   0.00613265
3.7   1.40076   0.00618396
3.75   1.335   0.00565787
3.8   1.26678   0.00593986
3.85   1.21363   0.00596526
3.9   1.1606   0.0041364
3.95   1.1161   0.00457096
4   1.06756   0.00474075
4.05   1.02539   0.00478814
4.1   0.986073   0.00396264
4.15   0.948232   0.00408858
4.2   0.913824   0.00371394
4.25   0.887793   0.00403144
4.3   0.856298   0.00397169
4.35   0.824622   0.00355998
4.4   0.797535   0.00368726
4.45   0.772231   0.00332778
4.5   0.750462   0.00336151
4.55   0.729911   0.00324469
4.6   0.706601   0.00320906
4.65   0.688343   0.00306943
4.7   0.668248   0.00288173
4.75   0.651247   0.0028598
4.8   0.635849   0.00294134
4.85   0.61537   0.00238558
4.9   0.600984   0.00252092
4.95   0.584236   0.00282486
5   0.573821   0.00239488
5.05   0.558992   0.00229568
5.1   0.545754   0.00252172
5.15   0.5328   0.00229622
5.2   0.519196   0.00239789
5.25   0.509473   0.0019564
5.3   0.497153   0.00198646
5.35   0.486961   0.00239801
5.4   0.477703   0.00251457
5.45   0.468597   0.00221937
5.5   0.457811   0.00199823
5.55   0.448979   0.00190217
5.6   0.439996   0.00172402
5.65   0.431406   0.00182415
5.7   0.425341   0.00185176
5.75   0.416337   0.0017323
5.8   0.408089   0.00164967
5.85   0.402526   0.00165837
5.9   0.394647   0.00176426
5.95   0.387542   0.00173306
6   0.379989   0.00171987
6.05   0.373983   0.00179683
6.1   0.369195   0.0015724
6.15   0.363343   0.00151297
6.2   0.355573   0.00145329
6.25   0.350226   0.00167296
6.3   0.344531   0.00152352
6.35   0.339061   0.00150321
6.4   0.334293   0.00159935
6.45   0.32939   0.0013885
6.5   0.324846   0.0017804
6.55   0.320512   0.00131367
6.6   0.314829   0.00140297
6.65   0.310767   0.0013804
6.7   0.30699   0.00139054
6.75   0.302612   0.00146258
6.8   0.298674   0.00127832
6.85   0.294156   0.00112319
6.9   0.290443   0.00119102
6.95   0.286426   0.00113938
7   0.283343   0.00128733
7.05   0.278398   0.00136897
7.1   0.275332   0.00128101
7.15   0.272507   0.00133801
7.2   0.268236   0.00112562
7.25   0.264826   0.00120126
7.3   0.26157   0.00123894
7.35   0.259839   0.00106316
7.4   0.255826   0.00111499
7.45   0.252791   0.00115197
7.5   0.249648   0.00110256
7.55   0.247222   0.000975827
7.6   0.243689   0.00116619
7.65   0.241626   0.000982776
7.7   0.238302   0.0011749
7.75   0.236279   0.00103903
7.8   0.233762   0.00115999
7.85   0.230555   0.00100246
7.9   0.228408   0.00112392
7.95   0.225835   0.000999735
8   0.223587   0.000995706
