# Temp     Energy
1   -1.9964   0.00052758
1.05   -1.996   0.000652188
1.1   -1.9436   0.00196613
1.15   -1.9416   0.00224266
1.2   -1.9856   0.00234344
1.25   -1.9856   0.000972565
1.3   -1.9768   0.00260819
1.35   -1.9756   0.00276972
1.4   -1.9708   0.00105549
1.45   -1.9556   0.00201342
1.5   -1.9392   0.00325943
1.55   -1.952   0.00126019
1.6   -1.9256   0.00544169
1.65   -1.908   0.00225907
1.7   -1.8964   0.00237536
1.75   -1.8836   0.00268898
1.8   -1.8672   0.00342333
1.85   -1.8404   0.00650992
1.9   -1.8164   0.00467655
1.95   -1.7796   0.00864056
2   -1.73   0.00470877
2.05   -1.6812   0.0084282
2.1   -1.6584   0.00686496
2.15   -1.6328   0.0081124
2.2   -1.5364   0.00525309
2.25   -1.4924   0.0124053
2.3   -1.338   0.00772402
2.35   -1.2804   0.00843669
2.4   -1.2376   0.00704293
2.45   -1.1544   0.00913536
2.5   -1.0532   0.00597414
2.55   -1.0468   0.00976315
2.6   -1.0352   0.00798723
2.65   -1.0184   0.00765329
2.7   -0.934   0.00609347
2.75   -0.944   0.00715391
2.8   -0.9116   0.0093746
2.85   -0.922   0.00986151
2.9   -0.846   0.0113518
2.95   -0.8472   0.00854973
3   -0.82   0.00496746
3.05   -0.7852   0.0104746
3.1   -0.796   0.010391
3.15   -0.7956   0.00613892
3.2   -0.7348   0.00745623
3.25   -0.7528   0.00640373
3.3   -0.6964   0.00848141
3.35   -0.6768   0.00657455
3.4   -0.7048   0.00462456
3.45   -0.672   0.00509864
3.5   -0.6592   0.00895249
3.55   -0.6552   0.0055874
