# Temp     Specific Heat
1   0.0285841   0.000530708
1.05   0.0358213   0.000507695
1.1   0.046639   0.000497532
1.15   0.0578452   0.000509496
1.2   0.075133   0.00057061
1.25   0.0873292   0.000558534
1.3   0.104899   0.000949288
1.35   0.12414   0.000889966
1.4   0.152096   0.000991287
1.45   0.173999   0.00114174
1.5   0.195472   0.00126647
1.55   0.228702   0.00172408
1.6   0.261512   0.00154031
1.65   0.303313   0.00218449
1.7   0.340524   0.00227161
1.75   0.393978   0.00204308
1.8   0.438651   0.00309955
1.85   0.499233   0.00384557
1.9   0.558053   0.00269548
1.95   0.638487   0.00285703
2   0.730147   0.00317881
2.05   0.848678   0.00611565
2.1   0.930949   0.0041093
2.15   1.04097   0.00557883
2.2   1.14198   0.0051928
2.25   1.24938   0.004799
2.3   1.27323   0.00506878
2.35   1.31828   0.00472843
2.4   1.27837   0.00456182
2.45   1.20583   0.00475935
2.5   1.13977   0.0047002
2.55   1.01778   0.00437687
2.6   0.937089   0.00378723
2.65   0.835834   0.00334209
2.7   0.776839   0.00363494
2.75   0.690468   0.00329011
2.8   0.610264   0.00314585
2.85   0.553114   0.00273538
2.9   0.512856   0.00238103
2.95   0.474906   0.00213602
3   0.442935   0.0019043
3.05   0.405243   0.00231205
3.1   0.383919   0.0017339
3.15   0.358455   0.00197087
3.2   0.338378   0.00189799
3.25   0.323594   0.00122804
3.3   0.302344   0.00147262
3.35   0.286623   0.00139777
3.4   0.273944   0.00128098
3.45   0.264841   0.0012255
3.5   0.25068   0.00114171
3.55   0.239306   0.00111564
3.6   0.23183   0.00109766
3.65   0.221289   0.000928759
3.7   0.212911   0.000954834
3.75   0.205296   0.000993804
3.8   0.196264   0.000918801
3.85   0.192736   0.000840081
3.9   0.184855   0.000836392
3.95   0.178663   0.000913119
4   0.171985   0.000842334
4.05   0.166471   0.000762636
4.1   0.159418   0.000820646
4.15   0.155156   0.000772301
4.2   0.150792   0.000645293
4.25   0.146219   0.000688161
4.3   0.141967   0.000674562
4.35   0.138689   0.000657192
4.4   0.134626   0.000595635
4.45   0.130092   0.000582564
4.5   0.126076   0.00059823
4.55   0.123219   0.000548003
4.6   0.118946   0.000503122
4.65   0.116256   0.000626449
4.7   0.113236   0.000517774
4.75   0.110169   0.000501099
4.8   0.108111   0.000549244
4.85   0.106021   0.000502064
4.9   0.102738   0.000439412
4.95   0.0999995   0.00050889
5   0.0976853   0.000423184
