# Temp     Magnetization
1   -1   0.00594239
1.05   1   0.0074403
1.1   1   0.00876072
1.15   1   0.010825
1.2   -1   0.0133578
1.25   -1   0.0117289
1.3   -1   0.0127838
1.35   1   0.0137066
1.4   -1   0.0208892
1.45   1   0.020188
1.5   -0.96   0.0205848
1.55   -0.98   0.0234945
1.6   -0.86   0.026534
1.65   -1   0.0302069
1.7   -1   0.0352735
1.75   0.96   0.040329
1.8   -0.98   0.0452041
1.85   0.96   0.0536911
1.9   -0.94   0.0618064
1.95   -0.84   0.573311
2   -0.94   0.854834
2.05   -0.94   0.86132
2.1   0.96   0.758987
2.15   -0.88   0.855709
2.2   -0.86   0.821008
2.25   -0.9   0.792851
2.3   0.74   0.761773
2.35   0.9   0.710985
2.4   -0.48   0.680312
2.45   0.66   0.638072
2.5   -0.56   0.596278
2.55   0.2   0.553328
2.6   0.52   0.519105
2.65   -0.32   0.48402
2.7   0.14   0.467045
2.75   -0.5   0.436834
2.8   0.06   0.407685
2.85   0.32   0.38366
2.9   0.24   0.367806
2.95   0.52   0.349787
3   -0.24   0.337301
3.05   -0.3   0.324543
3.1   0.26   0.312305
3.15   0.36   0.301428
3.2   -0.3   0.288783
3.25   -0.22   0.28385
3.3   -0.4   0.272708
3.35   0.2   0.265552
3.4   -0.06   0.257458
3.45   -0.08   0.252373
3.5   -0.58   0.246462
3.55   0.22   0.241619
3.6   -0.18   0.237316
3.65   0.08   0.231208
3.7   -0.2   0.226473
3.75   0.16   0.223812
3.8   0.22   0.218122
3.85   0   0.218099
3.9   -0.18   0.213646
3.95   0.16   0.211452
4   -0.26   0.206595
4.05   0.12   0.203214
4.1   0.08   0.199601
4.15   -0.02   0.198117
4.2   0   0.196627
4.25   0.12   0.194641
4.3   -0.32   0.191221
4.35   -0.06   0.190066
4.4   -0.2   0.188141
4.45   -0.02   0.185288
4.5   -0.36   0.183574
4.55   -0.04   0.182918
4.6   -0.04   0.17949
4.65   -0.24   0.178819
4.7   -0.06   0.175977
4.75   -0.18   0.175889
4.8   0.14   0.175117
4.85   -0.24   0.173845
4.9   0.04   0.171601
4.95   0.08   0.170566
5   -0.12   0.168784
