# Temp     Energy
1   -2.999   nan
1.05   -3   nan
1.1   -2.998   nan
1.15   -2.998   nan
1.2   -2.996   nan
1.25   -2.997   nan
1.3   -2.994   nan
1.35   -2.995   nan
1.4   -2.99   nan
1.45   -2.9864   nan
1.5   -2.984   nan
1.55   -2.9844   nan
1.6   -2.9774   nan
1.65   -2.9774   nan
1.7   -2.977   nan
1.75   -2.9594   nan
1.8   -2.9572   nan
1.85   -2.9558   nan
1.9   -2.9308   nan
1.95   -2.9372   nan
2   -2.9392   0.000268079
2.05   -2.9214   0.00330683
2.1   -2.9038   0.00489191
2.15   -2.8918   0.00616105
2.2   -2.8782   0.0075685
2.25   -2.8626   0.00862197
2.3   -2.8578   0.00992216
2.35   -2.8278   0.0107742
2.4   -2.8236   0.0116843
2.45   -2.8226   0.0128214
2.5   -2.7742   0.0133831
2.55   -2.7516   0.0147382
2.6   -2.7262   0.01554
2.65   -2.7136   0.0163296
2.7   -2.685   0.0170702
2.75   -2.6182   0.0179004
2.8   -2.6376   0.0192002
2.85   -2.6196   0.0199005
2.9   -2.5404   0.0205046
2.95   -2.576   0.0215761
3   -2.5214   0.0225135
3.05   -2.4512   0.0233697
3.1   -2.4454   0.0242013
3.15   -2.3834   0.0247171
3.2   -2.3942   0.0252786
3.25   -2.3608   0.0261625
3.3   -2.2804   0.0264613
3.35   -2.2436   0.02697
3.4   -2.2362   0.0282652
3.45   -2.1422   0.0283233
3.5   -2.1976   0.0291491
3.55   -2.1602   0.0297646
3.6   -2.0288   0.0303491
3.65   -2.066   0.0306123
3.7   -2.0062   0.031104
3.75   -2.0044   0.0313554
