# Temp     Magnetization
1   1   0.000921326
1.05   1   0.00255252
1.1   -0.986111   0.00401858
1.15   -1   0.00498255
1.2   -1   0.00859468
1.25   -1   0.00761671
1.3   1   0.00900735
1.35   0.986111   0.0106087
1.4   -1   0.0123878
1.45   -0.972222   0.0147449
1.5   1   0.0164838
1.55   -1   0.0189248
1.6   -1   0.0216164
1.65   -0.972222   0.0248736
1.7   -1   0.0281631
1.75   0.958333   0.0325124
1.8   -0.791667   0.918916
1.85   -0.972222   0.811921
1.9   0.930556   0.412536
1.95   0.930556   0.851588
2   -0.666667   0.907504
2.05   0.847222   0.888353
2.1   -0.138889   0.876577
2.15   0.986111   0.84608
2.2   0.763889   0.817684
2.25   -0.416667   0.781234
2.3   -0.791667   0.737666
2.35   -0.916667   0.688374
2.4   0.805556   0.641399
2.45   -0.513889   0.587777
2.5   -0.763889   0.539146
2.55   0.666667   0.499475
2.6   0.472222   0.457411
2.65   0.416667   0.425268
2.7   0.388889   0.395392
2.75   0.458333   0.369772
2.8   -0.472222   0.346772
2.85   -0.277778   0.328976
2.9   -0.0972222   0.311037
2.95   0.0694444   0.297005
3   0.194444   0.282256
3.05   0.277778   0.271251
3.1   0.416667   0.260586
3.15   -0.513889   0.250725
3.2   0.111111   0.241929
3.25   -0.0277778   0.235651
3.3   -0.0277778   0.228318
3.35   -0.402778   0.222079
3.4   -0.0972222   0.21654
3.45   0.166667   0.211118
3.5   -0.347222   0.206688
3.55   0.166667   0.201269
3.6   0.0138889   0.197967
3.65   0.0833333   0.193335
3.7   0.0277778   0.189715
3.75   -0.180556   0.186455
3.8   -0.0555556   0.182835
3.85   0.180556   0.180132
3.9   -0.0277778   0.177293
3.95   0.0138889   0.174972
4   0.0833333   0.172205
4.05   0.222222   0.169821
4.1   0.0555556   0.167558
4.15   0.166667   0.16531
4.2   0.0555556   0.163258
4.25   -0.0416667   0.161871
4.3   0.111111   0.159906
4.35   -0.208333   0.15783
4.4   -0.222222   0.156106
4.45   0.0277778   0.15448
4.5   -0.111111   0.15314
4.55   0.0972222   0.151866
4.6   0.125   0.15024
4.65   0.125   0.14909
4.7   0.0416667   0.147685
4.75   -0.0277778   0.146568
4.8   -0.166667   0.145585
4.85   -0.138889   0.143965
4.9   -0.0416667   0.143004
4.95   0.180556   0.141715
5   0.152778   0.141154
5.05   -0.0833333   0.140013
5.1   0.0972222   0.139028
5.15   0.291667   0.13804
5.2   0.152778   0.136926
5.25   -0.222222   0.136288
5.3   -0.152778   0.13527
5.35   0.0416667   0.134506
5.4   0.0833333   0.133843
5.45   -0.0694444   0.133173
5.5   0.0833333   0.132234
5.55   0.0277778   0.131546
5.6   0.0138889   0.130809
5.65   0.0138889   0.130103
5.7   0.0694444   0.129755
5.75   0.180556   0.128936
5.8   0.0277778   0.128207
5.85   -0.111111   0.127877
5.9   -0.180556   0.12716
5.95   0   0.126543
6   0   0.125829
6.05   0.0555556   0.125349
6.1   -0.138889   0.125058
6.15   -0.0138889   0.12457
6.2   0.0833333   0.123731
6.25   0.152778   0.123291
6.3   -0.25   0.122773
6.35   0.0555556   0.122277
6.4   -0.0555556   0.121891
6.45   -0.180556   0.121466
6.5   0.0416667   0.121092
6.55   0.222222   0.120743
6.6   0.138889   0.120124
6.65   0.25   0.119797
6.7   -0.125   0.119514
6.75   -0.0555556   0.1191
6.8   -0.0416667   0.11876
6.85   -0.138889   0.118291
6.9   0.138889   0.117971
6.95   -0.125   0.117576
7   0.0416667   0.117361
7.05   0.25   0.116747
7.1   -0.0833333   0.116513
7.15   -0.0833333   0.116322
7.2   -0.152778   0.115809
7.25   -0.0833333   0.11547
7.3   0.0416667   0.115153
7.35   0.0138889   0.115163
7.4   -0.180556   0.114659
7.45   0.0694444   0.114361
7.5   0.0138889   0.114028
7.55   0   0.113851
7.6   0.180556   0.113408
7.65   0.0833333   0.113298
7.7   0.166667   0.112883
7.75   0.0416667   0.112767
7.8   -0.0277778   0.112526
7.85   -0.0277778   0.112109
7.9   -0.0416667   0.111941
7.95   -0.125   0.11166
8   -0.0694444   0.111452
