# Temp     Magn. susceptibility
1   0.000256196   1.51512e-05
1.05   0.000253185   6.23053e-06
1.1   0.00599114   8.08311e-05
1.15   0.00453731   0.000144905
1.2   0.00286027   2.85206e-05
1.25   0.000567833   2.36591e-05
1.3   0.00307788   3.42508e-05
1.35   0.00507055   5.6868e-05
1.4   0.000496622   6.17963e-05
1.45   0.00169334   8.79138e-05
1.5   0.00907383   6.81199e-05
1.55   0.00145076   5.2073e-05
1.6   0.0213854   0.000119619
1.65   0.00337959   8.00237e-05
1.7   0.00278418   9.75014e-05
1.75   0.00357677   0.000173735
1.8   0.0103634   0.000158835
1.85   0.0171625   0.00042471
1.9   0.0136014   0.00037166
1.95   0.051908   0.00077665
2   0.0240603   0.00198361
2.05   0.0295906   0.000718577
2.1   0.0589887   0.00250168
2.15   0.0815867   0.000403302
2.2   0.0232657   0.000900065
2.25   0.0426769   0.00378656
2.3   0.0201963   0.000703208
2.35   0.0377058   0.0017989
2.4   0.0482287   0.0065831
2.45   0.0677204   0.00264341
2.5   0.0588483   0.00350529
2.55   0.0423676   0.00202889
2.6   0.0970002   0.00147032
2.65   0.0580383   0.00246697
2.7   0.0143195   0.00427491
2.75   0.0204589   0.00161401
2.8   0.139302   0.00286698
2.85   0.0773783   0.00157204
2.9   0.0666235   0.00207664
2.95   0.0534962   0.00330863
3   0.0830751   0.00138144
3.05   0.122038   0.00219198
3.1   0.0414036   0.00542819
3.15   0.112854   0.00196461
3.2   0.209227   0.00101955
3.25   0.0618619   0.00175438
3.3   0.0606677   0.00264379
3.35   0.148811   0.00463395
3.4   0.0440821   0.00104655
3.45   0.0887191   0.00294868
3.5   0.0674476   0.00260261
3.55   0.0297394   0.00236459
