# Temp     Magnetization
1   1   0.000357968
1.05   1   0.000636403
1.1   1   0.00111718
1.15   1   0.000776203
1.2   1   0.00121753
1.25   0.997778   0.00123551
1.3   1   0.00142482
1.35   1   0.00150314
1.4   1   0.00150937
1.45   1   0.00227867
1.5   0.995556   0.00248192
1.55   1   0.00258643
1.6   0.993333   0.00320726
1.65   0.997778   0.00333294
1.7   0.993333   0.00355563
1.75   0.997778   0.00462106
1.8   0.993333   0.00468707
1.85   0.991111   0.00477939
1.9   0.982222   0.0049874
1.95   0.984444   0.00639336
2   0.973333   0.00681023
2.05   0.98   0.00716375
2.1   0.991111   0.00868387
2.15   0.98   0.00775653
2.2   0.98   0.00889339
2.25   0.96   0.00960226
2.3   0.971111   0.00854505
2.35   0.957778   0.00800586
2.4   0.951111   0.0102447
2.45   0.955556   0.0117672
2.5   0.971111   0.0142184
2.55   0.94   0.0138998
2.6   0.928889   0.0144604
2.65   0.926667   0.0139582
2.7   0.937778   0.014979
2.75   0.92   0.0140161
2.8   0.908889   0.0163751
2.85   0.9   0.0202899
2.9   0.937778   0.0179238
2.95   0.893333   0.017264
3   0.895556   0.0206253
3.05   0.873333   0.0231862
3.1   0.866667   0.0206925
3.15   0.882222   0.0227167
3.2   0.871111   0.0233333
3.25   0.853333   0.0263737
3.3   0.82   0.0266621
3.35   0.851111   0.0239437
3.4   0.788889   0.0305159
3.45   0.811111   0.0314482
3.5   0.797778   0.0266386
3.55   0.744444   0.0327543
3.6   0.76   0.0310705
3.65   0.804444   0.0325759
3.7   0.724444   0.0323531
3.75   0.731111   0.0324832
3.8   0.666667   0.0297244
3.85   0.697778   0.0290694
3.9   0.695556   0.0397492
3.95   0.673333   0.0346242
4   0.728889   0.0420142
4.05   0.617778   0.0370986
4.1   0.737778   0.0389833
4.15   0.624444   0.0356043
4.2   0.586667   0.0402304
4.25   0.606667   0.0424769
4.3   0.666667   0.0404244
4.35   0.571111   0.0408367
4.4   0.611111   0.0405376
4.45   0.58   0.0455945
4.5   0.562222   0.0410017
4.55   0.584444   0.0376472
4.6   0.513333   0.035565
4.65   0.533333   0.0415211
4.7   0.531111   0.0354372
4.75   0.533333   0.0396634
4.8   0.562222   0.0404615
4.85   0.473333   0.0404031
4.9   0.5   0.0354585
4.95   0.517778   0.0360655
5   0.413333   0.0449368
5.05   0.482222   0.041197
5.1   0.468889   0.040487
5.15   0.382222   0.0439768
5.2   0.428889   0.0421199
5.25   0.464444   0.0502464
5.3   0.451111   0.0553264
5.35   0.391111   0.0450471
5.4   0.417778   0.047579
5.45   0.462222   0.049241
5.5   0.395556   0.0452747
5.55   0.406667   0.0413621
5.6   0.437778   0.0433813
5.65   0.377778   0.0440855
5.7   0.357778   0.0539493
5.75   0.348889   0.0499841
5.8   0.366667   0.0461382
5.85   0.415556   0.0448391
5.9   0.4   0.0402123
5.95   0.342222   0.0393255
6   0.342222   0.0440776
6.05   0.244444   0.0524882
6.1   0.337778   0.0444929
6.15   0.333333   0.0417212
6.2   0.335556   0.0429708
6.25   0.326667   0.040148
6.3   0.313333   0.0420752
6.35   0.306667   0.0431034
6.4   0.331111   0.0465246
6.45   0.335556   0.0474393
6.5   0.308889   0.0502876
6.55   0.337778   0.037746
6.6   0.326667   0.0461789
6.65   0.255556   0.0421251
6.7   0.295556   0.0380804
6.75   0.324444   0.0441423
6.8   0.264444   0.048229
6.85   0.282222   0.0391112
6.9   0.302222   0.0449287
6.95   0.266667   0.0400395
7   0.262222   0.0423908
7.05   0.2   0.0432852
7.1   0.344444   0.0419934
7.15   0.22   0.0460094
7.2   0.251111   0.0517621
7.25   0.308889   0.0429556
7.3   0.26   0.0466055
7.35   0.175556   0.0455276
7.4   0.34   0.0384491
7.45   0.251111   0.0416731
7.5   0.317778   0.0384112
7.55   0.286667   0.0368481
7.6   0.208889   0.0447005
7.65   0.282222   0.0421375
7.7   0.211111   0.0445235
7.75   0.184444   0.0354378
7.8   0.206667   0.0441956
7.85   0.186667   0.0428532
7.9   0.213333   0.0403302
7.95   0.24   0.0450283
8   0.16   0.0397249
