# Temp     Magn. susceptibility
1   0.00353119   4.27537e-05
1.05   0.00527219   3.80108e-05
1.1   0.00697729   3.83353e-05
1.15   0.0101896   4.76625e-05
1.2   0.0148692   5.75436e-05
1.25   0.0110054   5.50717e-05
1.3   0.0125712   0.000138832
1.35   0.0139164   0.000128544
1.4   0.0311686   0.000226943
1.45   0.0281072   0.000181247
1.5   0.028249   0.000192352
1.55   0.0356125   0.000439961
1.6   0.0440033   0.000350351
1.65   0.0553005   0.0012345
1.7   0.0731895   0.00187914
1.75   0.0929389   0.000829137
1.8   0.113523   0.00216079
1.85   0.155823   0.00406578
1.9   0.201054   0.00139027
1.95   16.8556   0.00128719
2   36.5371   0.00125181
2.05   36.1889   0.0102338
2.1   27.4315   0.00462357
2.15   34.0576   0.0767823
2.2   30.6388   0.0819548
2.25   27.9383   0.0086405
2.3   25.2303   0.0710698
2.35   21.5106   0.0123419
2.4   19.2843   0.0296317
2.45   16.6178   0.050152
2.5   14.2219   0.0349861
2.55   12.0067   0.029997
2.6   10.3642   0.0265701
2.65   8.84059   0.0245598
2.7   8.07891   0.0238566
2.75   6.93905   0.0205347
2.8   5.93596   0.0226634
2.85   5.16474   0.0166572
2.9   4.66486   0.0160613
2.95   4.14748   0.0167255
3   3.79239   0.0122766
3.05   3.45338   0.0140307
3.1   3.14626   0.0112466
3.15   2.8844   0.0109709
3.2   2.60611   0.0103065
3.25   2.4791   0.00853329
3.3   2.25363   0.00859481
3.35   2.10501   0.00845354
3.4   1.94954   0.00806654
3.45   1.84615   0.00753809
3.5   1.73553   0.00770923
3.55   1.6445   0.00745281
3.6   1.56442   0.00628581
3.65   1.46458   0.00571497
3.7   1.38622   0.0052953
3.75   1.33578   0.00565187
3.8   1.25204   0.00509876
3.85   1.23551   0.00416724
3.9   1.17038   0.0050215
3.95   1.13194   0.00539402
4   1.06704   0.00498276
4.05   1.01965   0.00457151
4.1   0.971719   0.00413782
4.15   0.945787   0.0044558
4.2   0.920527   0.00361767
4.25   0.891411   0.00390221
4.3   0.85036   0.00367958
4.35   0.830463   0.0037923
4.4   0.804482   0.00345269
4.45   0.771497   0.0033816
4.5   0.748879   0.00338978
4.55   0.735364   0.00324215
4.6   0.700359   0.00290117
4.65   0.687664   0.00300277
4.7   0.658891   0.00291442
4.75   0.651301   0.00294103
4.8   0.638874   0.00311877
4.85   0.623136   0.0025816
4.9   0.600955   0.00239767
4.95   0.587732   0.00286157
5   0.569758   0.00256361
