# Temp     Specific Heat
1   0.0174811   0.000393268
1.05   0.0263187   0.00034589
1.1   0.0372778   0.00034
1.15   0.0487416   0.00039051
1.2   0.0636912   0.000729416
1.25   0.0796395   0.000574613
1.3   0.0971018   0.000654044
1.35   0.11765   0.000717726
1.4   0.141244   0.00109422
1.45   0.168136   0.00100108
1.5   0.193546   0.000932536
1.55   0.226212   0.0012862
1.6   0.259386   0.00128317
1.65   0.298945   0.00131608
1.7   0.33824   0.0035535
1.75   0.386712   0.00165972
1.8   0.439023   0.00229774
1.85   0.497758   0.00234115
1.9   0.561226   0.0030851
1.95   0.633044   0.00219572
2   0.727646   0.00580132
2.05   0.826087   0.00489277
2.1   0.937875   0.00689808
2.15   1.06233   0.00423448
2.2   1.20558   0.00643167
2.25   1.31263   0.00497228
2.3   1.38402   0.00459619
2.35   1.39865   0.00586834
2.4   1.34129   0.00491266
2.45   1.25111   0.00478938
2.5   1.12125   0.00463824
2.55   1.00819   0.00405777
2.6   0.877119   0.00434672
2.65   0.790018   0.00374992
2.7   0.700269   0.00276453
2.75   0.633433   0.00354323
2.8   0.570014   0.00245894
2.85   0.524234   0.00216649
2.9   0.485121   0.00180049
2.95   0.450875   0.00227565
3   0.41874   0.00219259
3.05   0.392497   0.00152888
3.1   0.368966   0.0015137
3.15   0.347266   0.00150834
3.2   0.327667   0.00139247
3.25   0.312588   0.00148784
3.3   0.298345   0.00131513
3.35   0.284503   0.00148854
3.4   0.271259   0.00120086
3.45   0.26074   0.00111273
3.5   0.249083   0.00126807
3.55   0.238334   0.00104997
3.6   0.229211   0.000970527
3.65   0.220286   0.000980358
3.7   0.21117   0.000950327
3.75   0.204368   0.000873078
3.8   0.196708   0.000935375
3.85   0.189788   0.000928701
3.9   0.183423   0.000800804
3.95   0.177188   0.000703429
4   0.171075   0.000760779
4.05   0.165291   0.000817694
4.1   0.160641   0.000738348
4.15   0.155805   0.000626944
4.2   0.150458   0.000700114
4.25   0.146122   0.000676552
4.3   0.14202   0.000628309
4.35   0.137497   0.000570166
4.4   0.133646   0.000605943
4.45   0.13   0.000575605
4.5   0.126305   0.000510034
4.55   0.123087   0.000548981
4.6   0.119791   0.000537735
4.65   0.116679   0.000530223
4.7   0.113799   0.000488081
4.75   0.110663   0.000513943
4.8   0.107758   0.000495437
4.85   0.104842   0.000464795
4.9   0.102634   0.000477014
4.95   0.0999851   0.000476462
5   0.0975906   0.000425773
5.05   0.0953405   0.000408632
5.1   0.0930162   0.000397798
5.15   0.0912275   0.000426962
5.2   0.0889647   0.000394251
5.25   0.0870496   0.000392434
5.3   0.0849119   0.000372531
5.35   0.083238   0.000413646
5.4   0.0816002   0.00042464
5.45   0.0796815   0.00035616
5.5   0.0779433   0.000376618
5.55   0.0761943   0.000352377
5.6   0.0745829   0.000324297
5.65   0.073413   0.000314822
5.7   0.0716639   0.000318651
5.75   0.0702906   0.000291454
5.8   0.0688328   0.000282729
5.85   0.0676176   0.000338063
5.9   0.0662363   0.000281654
5.95   0.0649813   0.000287815
6   0.063727   0.000272571
6.05   0.0625386   0.000285628
6.1   0.0614069   0.000258293
6.15   0.0603731   0.000291017
6.2   0.0591907   0.000286818
6.25   0.0582484   0.000297365
6.3   0.0570443   0.000263715
6.35   0.0562076   0.000289574
6.4   0.0551816   0.000247087
6.45   0.0541874   0.000226717
6.5   0.0532877   0.000236697
6.55   0.0523981   0.00022676
6.6   0.0514092   0.000232611
6.65   0.0506887   0.000245778
6.7   0.0498731   0.00021914
6.75   0.0489213   0.000227577
6.8   0.0482328   0.000211323
6.85   0.0473831   0.000195643
6.9   0.0466127   0.000215458
6.95   0.0459501   0.000205706
7   0.0451631   0.000206333
7.05   0.044447   0.00020241
7.1   0.0437643   0.000198557
7.15   0.0431408   0.000195915
7.2   0.0424596   0.000204114
7.25   0.0418032   0.000173429
7.3   0.0412   0.000173437
7.35   0.0405383   0.000180769
7.4   0.0400623   0.000169108
7.45   0.0393581   0.000182262
7.5   0.0388704   0.000173385
7.55   0.0382611   0.000164828
7.6   0.0376866   0.000168423
7.65   0.0371912   0.000160181
7.7   0.0366472   0.000204297
7.75   0.0362134   0.000166964
7.8   0.0356637   0.000164659
7.85   0.0351232   0.000149452
7.9   0.0347014   0.000159278
7.95   0.0342765   0.000150219
8   0.0337411   0.0001515
