# Temp     Specific Heat
1   0.00278341   0.000191802
1.05   0.00385805   8.52542e-05
1.1   0.0319477   0.000266955
1.15   0.0380303   0.000208861
1.2   0.0381369   0.000340634
1.25   0.00605365   0.000250428
1.3   0.0402524   0.000357145
1.35   0.0420925   0.000459492
1.4   0.00568395   0.000543003
1.45   0.0192812   0.000766871
1.5   0.0472172   0.000412785
1.55   0.00661012   0.000371563
1.6   0.115672   0.000717811
1.65   0.0187453   0.000568117
1.7   0.0195236   0.000676265
1.75   0.0236102   0.000745245
1.8   0.0361703   0.000526034
1.85   0.123825   0.00116839
1.9   0.060582   0.00253034
1.95   0.196343   0.00211124
2   0.0554313   0.00382761
2.05   0.169029   0.00116037
2.1   0.106866   0.00283359
2.15   0.142371   0.000571737
2.2   0.0570144   0.000667625
2.25   0.303981   0.00294671
2.3   0.11278   0.000759051
2.35   0.128887   0.00280634
2.4   0.086116   0.00204686
2.45   0.139033   0.00250396
2.5   0.0571045   0.000653147
2.55   0.146588   0.000648109
2.6   0.0943726   0.00265296
2.65   0.0834074   0.000459673
2.7   0.0509332   0.000622554
2.75   0.0676739   0.00153853
2.8   0.112096   0.000563241
2.85   0.119728   0.000637861
2.9   0.153226   0.000473734
2.95   0.0839964   0.00102335
3   0.0274174   0.000667788
3.05   0.117943   0.000882353
3.1   0.112356   0.000999343
3.15   0.0379807   0.000950498
3.2   0.0542924   0.000685397
3.25   0.0388239   0.0019146
3.3   0.0660555   0.000978796
3.35   0.0385162   0.00113966
3.4   0.0185005   0.000576809
3.45   0.0218409   0.000844112
3.5   0.0654261   0.000292024
3.55   0.0247721   0.000320332
