# Temp     Specific Heat
1   0.00288324   5.48572e-05
1.05   0.00826553   7.41491e-05
1.1   0.0226071   0.000150808
1.15   0.0102504   7.41109e-05
1.2   0.022194   0.000156256
1.25   0.0219816   0.00015133
1.3   0.0265768   0.000166926
1.35   0.0278577   0.000153379
1.4   0.0255453   0.000111723
1.45   0.0536398   0.000212768
1.5   0.0589913   0.000282017
1.55   0.058712   0.000282208
1.6   0.0839216   0.000316071
1.65   0.0874633   0.000458062
1.7   0.088664   0.000375549
1.75   0.138682   0.000743147
1.8   0.134572   0.000629808
1.85   0.132255   0.000595039
1.9   0.14101   0.000702539
1.95   0.211322   0.00090686
2   0.230814   0.00107697
2.05   0.222798   0.00102864
2.1   0.306067   0.00134376
2.15   0.243555   0.00118558
2.2   0.299803   0.00124259
2.25   0.307574   0.00122839
2.3   0.247923   0.00108926
2.35   0.213066   0.00104562
2.4   0.321764   0.00143371
2.45   0.377589   0.00167816
2.5   0.54132   0.00224166
2.55   0.45184   0.00202384
2.6   0.485378   0.00187246
2.65   0.406521   0.00180183
2.7   0.439722   0.00168547
2.75   0.382971   0.00173099
2.8   0.495968   0.00219847
2.85   0.738174   0.00292381
2.9   0.534133   0.00233244
2.95   0.444756   0.00198153
3   0.575094   0.00296258
3.05   0.671148   0.00314621
3.1   0.522335   0.00247151
3.15   0.603327   0.0025453
3.2   0.623329   0.00303121
3.25   0.717298   0.00328517
3.3   0.735693   0.00298391
3.35   0.545913   0.00250961
3.4   0.843887   0.00405359
3.45   0.844534   0.00358079
3.5   0.600233   0.00279813
3.55   0.870604   0.00358053
3.6   0.784097   0.0039694
3.65   0.742433   0.00325481
3.7   0.779207   0.00273612
3.75   0.68073   0.00316875
3.8   0.561006   0.0028966
3.85   0.516541   0.0020547
3.9   0.814965   0.00319208
3.95   0.64912   0.00286119
4   0.928987   0.00428552
4.05   0.619528   0.0029687
4.1   0.72213   0.00325556
4.15   0.571053   0.00250369
4.2   0.723055   0.00313945
4.25   0.780052   0.00309947
4.3   0.635862   0.00267901
4.35   0.650113   0.00303244
4.4   0.535948   0.00212058
4.45   0.73915   0.00290248
4.5   0.464224   0.0021054
4.55   0.43346   0.0021301
4.6   0.443817   0.00182949
4.65   0.484285   0.00204458
4.7   0.380742   0.00165994
4.75   0.41764   0.0018244
4.8   0.429843   0.00193949
4.85   0.421278   0.001728
4.9   0.320019   0.00132328
4.95   0.328689   0.00150416
5   0.510762   0.00207411
5.05   0.36509   0.00156276
5.1   0.36163   0.00159024
5.15   0.39177   0.00168771
5.2   0.35036   0.00143441
5.25   0.501262   0.00232013
5.3   0.563251   0.00232611
5.35   0.386852   0.00151849
5.4   0.401699   0.00177258
5.45   0.440547   0.00184631
5.5   0.324647   0.00127508
5.55   0.299165   0.00128097
5.6   0.327421   0.00123622
5.65   0.281389   0.00108489
5.7   0.417738   0.00193761
5.75   0.358657   0.00143912
5.8   0.27491   0.00121483
5.85   0.275688   0.00105926
5.9   0.209888   0.000945536
5.95   0.201815   0.000866463
6   0.24793   0.00120068
6.05   0.353871   0.00145641
6.1   0.252099   0.00111905
6.15   0.21222   0.000935438
6.2   0.211504   0.000904485
6.25   0.201816   0.000943628
6.3   0.193646   0.000855772
6.35   0.179317   0.000735397
6.4   0.216484   0.000916759
6.45   0.224501   0.00099802
6.5   0.235051   0.00095856
6.55   0.145752   0.00068275
6.6   0.176336   0.000857213
6.65   0.143687   0.000623556
6.7   0.136014   0.000619474
6.75   0.20806   0.000863452
6.8   0.188523   0.000841649
6.85   0.152986   0.000672896
6.9   0.186523   0.000830137
6.95   0.139928   0.000598602
7   0.134876   0.000620833
7.05   0.152005   0.000653386
7.1   0.149289   0.000612446
7.15   0.15661   0.000836823
7.2   0.193019   0.000803356
7.25   0.153402   0.000698732
7.3   0.155914   0.000658085
7.35   0.149559   0.00066594
7.4   0.124673   0.000510131
7.45   0.111827   0.000497043
7.5   0.105032   0.000420591
7.55   0.0966848   0.000443872
7.6   0.131151   0.000545014
7.65   0.106033   0.000420599
7.7   0.134154   0.000538019
7.75   0.0994177   0.00047328
7.8   0.118447   0.000630538
7.85   0.127009   0.000517533
7.9   0.106705   0.000495821
7.95   0.102777   0.000461268
8   0.115161   0.000491729
