# Temp     Energy
1   -2   0.0169068
1.05   -2   0.0198728
1.1   -2   0.0237557
1.15   -2   0.0276587
1.2   -2   0.0328925
1.25   -2   0.0369394
1.3   -2   0.0421045
1.35   -2   0.0475653
1.4   -2   0.0545993
1.45   -2   0.0604841
1.5   -1.88   0.0663183
1.55   -1.92   0.0741253
1.6   -1.6   0.0818212
1.65   -2   0.0908719
1.7   -2   0.0992025
1.75   -1.88   0.109843
1.8   -1.92   0.119215
1.85   -1.84   0.130714
1.9   -1.76   0.141936
1.95   -1.72   0.155816
2   -1.76   0.170897
2.05   -1.76   0.188854
2.1   -1.84   0.20262
2.15   -1.6   0.219361
2.2   -1.56   0.2351
2.25   -1.68   0.251495
2.3   -1.4   0.259526
2.35   -1.64   0.269818
2.4   -1.16   0.271356
2.45   -1.28   0.269035
2.5   -1.2   0.2669
2.55   -0.68   0.257257
2.6   -1.12   0.251689
2.65   -1.12   0.242273
2.7   -0.96   0.237974
2.75   -0.92   0.22851
2.8   -0.88   0.218734
2.85   -0.84   0.211959
2.9   -0.68   0.20768
2.95   -0.88   0.203295
3   -0.76   0.19966
3.05   -0.8   0.194159
3.1   -0.76   0.19208
3.15   -0.6   0.188594
3.2   -0.72   0.186145
3.25   -1.04   0.184877
3.3   -0.64   0.181453
3.35   -0.8   0.17935
3.4   -0.56   0.177955
3.45   -0.44   0.177546
3.5   -0.76   0.175238
3.55   -0.76   0.173662
3.6   -0.4   0.173335
3.65   -0.6   0.171701
3.7   -0.68   0.170726
3.75   -0.56   0.169911
3.8   -0.8   0.168346
3.85   -0.68   0.169022
3.9   -0.36   0.16768
3.95   -0.52   0.166961
4   -0.72   0.165884
4.05   -0.52   0.165243
4.1   -0.2   0.163701
4.15   -0.6   0.163468
4.2   -0.12   0.163094
4.25   -0.68   0.162514
4.3   -0.56   0.162018
4.35   -0.64   0.161998
4.4   -0.6   0.161442
4.45   -0.36   0.160504
4.5   -0.6   0.159783
4.55   -0.6   0.159717
4.6   -0.48   0.158648
4.65   -0.4   0.158548
4.7   -0.48   0.158158
4.75   -0.52   0.157661
4.8   -0.36   0.157825
4.85   -0.44   0.15792
4.9   -0.52   0.157058
4.95   -0.12   0.156532
5   -0.44   0.156273
