4336
8352
4219
9576
2513
5096
9810
9313
0962
0952
9203
1758
1111
8810
5504
0387
6280
8566
8763
4234
5115
7736
9982
8019
2494
2177
2488
0739
3272
7196
3487
2868
2527
2870
6674
6412
7946
3692
7459
4993
2969
5867
2785
5077
7787
5505
1006
8965
5162
9435
2250
1527
0217
0860
0683
8517
3389
9393
8811
4176
1221
6743
3539
3274
1143
3966
2708
1855
7717
2828
2439
7472
4424
7451
2113
3548
2999
2723
9757
4025
4665
6517
7980
7991
4710
2681
7350
3315
3777
2908
8677
4728
0478
4038
9845
8184
6873
6604
0178
4863
0855
6089
8671
0887
7468
8550
9485
5250
2280
9988
6670
7059
0551
1784
4229
9467
3161
6058
4096
3708
0197
4983
5455
1777
5734
8774
0526
0409
6763
3090
9162
0086
8151
1957
3538
3580
3606
5365
6937
3925
5031
5453
2767
5578
3707
6195
9415
0649
1494
1308
6299
2227
2896
6145
4916
3878
1430
0366
1431
0458
0933
0125
0408
8865
6170
6719
8173
3866
6623
3843
4825
8240
4236
1776
7455
0415
6458
0522
3345
9030
3474
5874
9976
1438
4101
5742
9591
7224
5560
1381
1166
4347
4286
4814
0644
1407
4247
7490
9347
4377
6087
3568
6904
8917
6700
0744
9674
2853
0707
9577
2332
8032
1947
1201
0499
8045
2083
9110
3354
6525
0934
2625
7846
7136
3375
7275
5452
0765
3635
7679
7330
2367
1481
5471
1940
7200
5838
9132
0468
3895
1598
8806
7926
1943
7408
4788
4781
3337
3455
9498
2073
0902
5134
2801
3758
9925
6124
6690
9739
2188
3701
8751
0449
7530
2416
3112
8664
1443
9396
1651
8106
0169
2216
6639
1204
8317
0248
2941
3024
8329
3364
1060
0451
5691
6644
1646
0767
3585
0177
5961
4526
2680
9287
4467
6669
1280
1600
8247
5173
4566
1763
9522
8815
0775
9596
1129
0182
0264
9626
3246
2762
4826
1871
3853
6943
2998
2901
0212
6080
5872
0554
2063
3395
3034
4960
3583
5894
7205
1550
2993
3484
8026
5794
6702
9561
7328
3841
7994
8325
8445
8645
4680
1942
0418
7568
7927
5294
0068
9604
7759
1976
0376
2243
5843
9751
2988
7011
9069
2624
7010
0549
4326
3555
7273
9768
2107
8362
3312
7827
8149
8859
5768
5551
8107
4973
9607
3153
1915
4980
4506
5468
3778
8872
7424
9641
3305
1045
4417
4386
7502
3967
0420
3405
5921
7095
0585
1498
7225
6236
4965
6295
4565
6736
0900
5180
6632
1432
6717
3639
6232
5826
9263
3572
4490
8085
3547
5900
2025
6029
9957
1298
8289
6770
5909
3072
0433
4509
4939
5569
3815
8880
2818
7174
0312
9725
8212
9293
5284
3055
1042
2318
7355
6013
8989
5696
6071
3104
3335
7776
7851
3480
5640
3964
7640
5796
8327
9289
7842
3864
5666
3644
4081
9381
4431
3998
2962
5342
7344
6035
4061
6301
9685
3148
0129
0698
5577
0696
0402
5224
1484
3467
9586
4480
7094
5145
3950
1344
3564
4684
7082
0242
9152
6332
9270
1909
9249
5774
5641
9966
3728
4267
8123
4932
8174
4547
2754
9496
6122
4181
1554
9869
6780
4687
8525
8131
7920
6000
0280
6856
4924
1808
1246
7825
3999
2753
9323
3368
9308
8505
2701
6340
9356
6851
9236
7507
3931
5361
3299
0741
5930
6843
0540
7395
6859
1924
6568
0548
7925
2881
1317
4464
2973
5609
7495
2533
4405
1767
2260
3396
2648
6292
0296
4159
1495
2029
1833
6486
9999
1345
9660
7761
5193
8638
6428
9348
6625
9163
7259
8712
3460
3499
1888
8797
5834
8175
4594
0753
3981
2790
1027
5496
5086
9584
7826
6832
7134
6895
8922
5973
4323
1548
9538
3655
3556
5433
1840
6039
8159
2646
3877
1867
1788
1373
2810
3784
9964
2613
5841
7841
8073
6724
3479
3665
1477
9961
3824
9158
5417
9890
1215
1842
8510
8271
5169
6477
0985
7942
8626
0055
2523
8452
9614
2394
9924
8798
7216
9910
0163
3380
7834
9530
9272
1955
1239
6511
5107
1294
5979
3857
9926
2589
7583
0291
0231
6268
5464
6925
9884
7716
1559
6210
7329
1041
4474
5669
7515
8723
8210
7378
7864
9736
6726
3649
9161
8055
4328
2237
4619
7931
6480
5276
6713
0523
5882
5965
1827
4363
6575
2632
5790
0626
7146
1267
5516
0262
8148
8230
8426
5175
0977
6472
9970
3907
0110
4443
5460
3136
1508
1925
3980
9387
2205
3737
9615
0427
4165
7526
7523
8847
0721
7797
0341
1663
4057
4865
3963
6128
9816
8778
4175
5238
3609
5264
7626
4671
3863
0657
8624
5056
9250
2059
7700
2278
4102
7798
7917
9078
4118
1704
9748
1688
7093
1977
8381
0987
5070
2932
2326
6246
7837
6591
2247
1032
5481
8993
3316
2996
4479
8812
9565
2170
4488
2390
2665
4908
4819
8213
2879
1877
9080
1476
6544
5344
6864
0472
6334
0677
2198
4785
8743
8383
8390
0354
0857
5562
3906
5248
1052
2755
9776
2732
9774
9194
4149
1496
1285
0100
6757
0943
3713
8691
5752
4024
2771
3619
1260
0282
9457
2311
9211
1752
0831
3081
7901
8281
9301
6453
5295
2776
1695
2135
1170
6207
4596
0615
5784
4245
2358
6723
3151
0869
6564
1747
4905
3070
2189
3039
9616
7762
3597
9724
3483
2563
4828
0779
3248
4759
7643
5542
9822
5269
1358
2373
2887
9857
3742
3959
7016
5554
6135
7908
3281
6718
4325
5387
2653
5644
3202
5522
3062
7267
8910
7280
8346
2504
4846
6710
4015
9216
4092
0009
4064
5303
8235
9369
1475
2195
9741
2299
7612
7737
9024
7799
0496
1681
5974
7229
1950
3233
4808
2037
2104
0602
3764
1270
2164
4177
6858
9354
0770
9423
1912
7763
7214
7251
8593
1077
4395
7767
5924
1798
9804
2192
9223
8742
9589
3264
5514
6818
2822
3675
0120
2927
0479
1236
8590
1191
9684
0225
3022
0015
6461
0895
1516
9191
1312
5306
0996
6722
9834
8446
2182
3780
2573
0091
2217
9007
7034
4105
8540
3900
8044
6869
2837
0709
7575
4991
3418
6920
5779
4599
8873
7756
9675
6821
0064
8251
4040
1380
5163