4336.000000
8352.000000
4219.000000
9576.000000
2513.000000
5096.000000
9810.000000
9313.000000
962.000000
952.000000
9203.000000
1758.000000
1111.000000
8810.000000
5504.000000
387.000000
6280.000000
8566.000000
8763.000000
4234.000000
5115.000000
7736.000000
9982.000000
8019.000000
2494.000000
2177.000000
2488.000000
739.000000
3272.000000
7196.000000
3487.000000
2868.000000
2527.000000
2870.000000
6674.000000
6412.000000
7946.000000
3692.000000
7459.000000
4993.000000
2969.000000
5867.000000
2785.000000
5077.000000
7787.000000
5505.000000
1006.000000
8965.000000
5162.000000
9435.000000
2250.000000
1527.000000
217.000000
860.000000
683.000000
8517.000000
3389.000000
9393.000000
8811.000000
4176.000000
1221.000000
6743.000000
3539.000000
3274.000000
1143.000000
3966.000000
2708.000000
1855.000000
7717.000000
2828.000000
2439.000000
7472.000000
4424.000000
7451.000000
2113.000000
3548.000000
2999.000000
2723.000000
9757.000000
4025.000000
4665.000000
6517.000000
7980.000000
7991.000000
4710.000000
2681.000000
7350.000000
3315.000000
3777.000000
2908.000000
8677.000000
4728.000000
478.000000
4038.000000
9845.000000
8184.000000
6873.000000
6604.000000
178.000000
4863.000000
855.000000
6089.000000
8671.000000
887.000000
7468.000000
8550.000000
9485.000000
5250.000000
2280.000000
9988.000000
6670.000000
7059.000000
551.000000
1784.000000
4229.000000
9467.000000
3161.000000
6058.000000
4096.000000
3708.000000
197.000000
4983.000000
5455.000000
1777.000000
5734.000000
8774.000000
526.000000
409.000000
6763.000000
3090.000000
9162.000000
86.000000
8151.000000
1957.000000
3538.000000
3580.000000
3606.000000
5365.000000
6937.000000
3925.000000
5031.000000
5453.000000
2767.000000
5578.000000
3707.000000
6195.000000
9415.000000
649.000000
1494.000000
1308.000000
6299.000000
2227.000000
2896.000000
6145.000000
4916.000000
3878.000000
1430.000000
366.000000
1431.000000
458.000000
933.000000
125.000000
408.000000
8865.000000
6170.000000
6719.000000
8173.000000
3866.000000
6623.000000
3843.000000
4825.000000
8240.000000
4236.000000
1776.000000
7455.000000
415.000000
6458.000000
522.000000
3345.000000
9030.000000
3474.000000
5874.000000
9976.000000
1438.000000
4101.000000
5742.000000
9591.000000
7224.000000
5560.000000
1381.000000
1166.000000
4347.000000
4286.000000
4814.000000
644.000000
1407.000000
4247.000000
7490.000000
9347.000000
4377.000000
6087.000000
3568.000000
6904.000000
8917.000000
6700.000000
744.000000
9674.000000
2853.000000
707.000000
9577.000000
2332.000000
8032.000000
1947.000000
1201.000000
499.000000
8045.000000
2083.000000
9110.000000
3354.000000
6525.000000
934.000000
2625.000000
7846.000000
7136.000000
3375.000000
7275.000000
5452.000000
765.000000
3635.000000
7679.000000
7330.000000
2367.000000
1481.000000
5471.000000
1940.000000
7200.000000
5838.000000
9132.000000
468.000000
3895.000000
1598.000000
8806.000000
7926.000000
1943.000000
7408.000000
4788.000000
4781.000000
3337.000000
3455.000000
9498.000000
2073.000000
902.000000
5134.000000
2801.000000
3758.000000
9925.000000
6124.000000
6690.000000
9739.000000
2188.000000
3701.000000
8751.000000
449.000000
7530.000000
2416.000000
3112.000000
8664.000000
1443.000000
9396.000000
1651.000000
8106.000000
169.000000
2216.000000
6639.000000
1204.000000
8317.000000
248.000000
2941.000000
3024.000000
8329.000000
3364.000000
1060.000000
451.000000
5691.000000
6644.000000
1646.000000
767.000000
3585.000000
177.000000
5961.000000
4526.000000
2680.000000
9287.000000
4467.000000
6669.000000
1280.000000
1600.000000
8247.000000
5173.000000
4566.000000
1763.000000
9522.000000
8815.000000
775.000000
9596.000000
1129.000000
182.000000
264.000000
9626.000000
3246.000000
2762.000000
4826.000000
1871.000000
3853.000000
6943.000000
2998.000000
2901.000000
212.000000
6080.000000
5872.000000
554.000000
2063.000000
3395.000000
3034.000000
4960.000000
3583.000000
5894.000000
7205.000000
1550.000000
2993.000000
3484.000000
8026.000000
5794.000000
6702.000000
9561.000000
7328.000000
3841.000000
7994.000000
8325.000000
8445.000000
8645.000000
4680.000000
1942.000000
418.000000
7568.000000
7927.000000
5294.000000
68.000000
9604.000000
7759.000000
1976.000000
376.000000
2243.000000
5843.000000
9751.000000
2988.000000
7011.000000
9069.000000
2624.000000
7010.000000
549.000000
4326.000000
3555.000000
7273.000000
9768.000000
2107.000000
8362.000000
3312.000000
7827.000000
8149.000000
8859.000000
5768.000000
5551.000000
8107.000000
4973.000000
9607.000000
3153.000000
1915.000000
4980.000000
4506.000000
5468.000000
3778.000000
8872.000000
7424.000000
9641.000000
3305.000000
1045.000000
4417.000000
4386.000000
7502.000000
3967.000000
420.000000
3405.000000
5921.000000
7095.000000
585.000000
1498.000000
7225.000000
6236.000000
4965.000000
6295.000000
4565.000000
6736.000000
900.000000
5180.000000
6632.000000
1432.000000
6717.000000
3639.000000
6232.000000
5826.000000
9263.000000
3572.000000
4490.000000
8085.000000
3547.000000
5900.000000
2025.000000
6029.000000
9957.000000
1298.000000
8289.000000
6770.000000
5909.000000
3072.000000
433.000000
4509.000000
4939.000000
5569.000000
3815.000000
8880.000000
2818.000000
7174.000000
312.000000
9725.000000
8212.000000
9293.000000
5284.000000
3055.000000
1042.000000
2318.000000
7355.000000
6013.000000
8989.000000
5696.000000
6071.000000
3104.000000
3335.000000
7776.000000
7851.000000
3480.000000
5640.000000
3964.000000
7640.000000
5796.000000
8327.000000
9289.000000
7842.000000
3864.000000
5666.000000
3644.000000
4081.000000
9381.000000
4431.000000
3998.000000
2962.000000
5342.000000
7344.000000
6035.000000
4061.000000
6301.000000
9685.000000
3148.000000
129.000000
698.000000
5577.000000
696.000000
402.000000
5224.000000
1484.000000
3467.000000
9586.000000
4480.000000
7094.000000
5145.000000
3950.000000
1344.000000
3564.000000
4684.000000
7082.000000
242.000000
9152.000000
6332.000000
9270.000000
1909.000000
9249.000000
5774.000000
5641.000000
9966.000000
3728.000000
4267.000000
8123.000000
4932.000000
8174.000000
4547.000000
2754.000000
9496.000000
6122.000000
4181.000000
1554.000000
9869.000000
6780.000000
4687.000000
8525.000000
8131.000000
7920.000000
6000.000000
280.000000
6856.000000
4924.000000
1808.000000
1246.000000
7825.000000
3999.000000
2753.000000
9323.000000
3368.000000
9308.000000
8505.000000
2701.000000
6340.000000
9356.000000
6851.000000
9236.000000
7507.000000
3931.000000
5361.000000
3299.000000
741.000000
5930.000000
6843.000000
540.000000
7395.000000
6859.000000
1924.000000
6568.000000
548.000000
7925.000000
2881.000000
1317.000000
4464.000000
2973.000000
5609.000000
7495.000000
2533.000000
4405.000000
1767.000000
2260.000000
3396.000000
2648.000000
6292.000000
296.000000
4159.000000
1495.000000
2029.000000
1833.000000
6486.000000
9999.000000
1345.000000
9660.000000
7761.000000
5193.000000
8638.000000
6428.000000
9348.000000
6625.000000
9163.000000
7259.000000
8712.000000
3460.000000
3499.000000
1888.000000
8797.000000
5834.000000
8175.000000
4594.000000
753.000000
3981.000000
2790.000000
1027.000000
5496.000000
5086.000000
9584.000000
7826.000000
6832.000000
7134.000000
6895.000000
8922.000000
5973.000000
4323.000000
1548.000000
9538.000000
3655.000000
3556.000000
5433.000000
1840.000000
6039.000000
8159.000000
2646.000000
3877.000000
1867.000000
1788.000000
1373.000000
2810.000000
3784.000000
9964.000000
2613.000000
5841.000000
7841.000000
8073.000000
6724.000000
3479.000000
3665.000000
1477.000000
9961.000000
3824.000000
9158.000000
5417.000000
9890.000000
1215.000000
1842.000000
8510.000000
8271.000000
5169.000000
6477.000000
985.000000
7942.000000
8626.000000
55.000000
2523.000000
8452.000000
9614.000000
2394.000000
9924.000000
8798.000000
7216.000000
9910.000000
163.000000
3380.000000
7834.000000
9530.000000
9272.000000
1955.000000
1239.000000
6511.000000
5107.000000
1294.000000
5979.000000
3857.000000
9926.000000
2589.000000
7583.000000
291.000000
231.000000
6268.000000
5464.000000
6925.000000
9884.000000
7716.000000
1559.000000
6210.000000
7329.000000
1041.000000
4474.000000
5669.000000
7515.000000
8723.000000
8210.000000
7378.000000
7864.000000
9736.000000
6726.000000
3649.000000
9161.000000
8055.000000
4328.000000
2237.000000
4619.000000
7931.000000
6480.000000
5276.000000
6713.000000
523.000000
5882.000000
5965.000000
1827.000000
4363.000000
6575.000000
2632.000000
5790.000000
626.000000
7146.000000
1267.000000
5516.000000
262.000000
8148.000000
8230.000000
8426.000000
5175.000000
977.000000
6472.000000
9970.000000
3907.000000
110.000000
4443.000000
5460.000000
3136.000000
1508.000000
1925.000000
3980.000000
9387.000000
2205.000000
3737.000000
9615.000000
427.000000
4165.000000
7526.000000
7523.000000
8847.000000
721.000000
7797.000000
341.000000
1663.000000
4057.000000
4865.000000
3963.000000
6128.000000
9816.000000
8778.000000
4175.000000
5238.000000
3609.000000
5264.000000
7626.000000
4671.000000
3863.000000
657.000000
8624.000000
5056.000000
9250.000000
2059.000000
7700.000000
2278.000000
4102.000000
7798.000000
7917.000000
9078.000000
4118.000000
1704.000000
9748.000000
1688.000000
7093.000000
1977.000000
8381.000000
987.000000
5070.000000
2932.000000
2326.000000
6246.000000
7837.000000
6591.000000
2247.000000
1032.000000
5481.000000
8993.000000
3316.000000
2996.000000
4479.000000
8812.000000
9565.000000
2170.000000
4488.000000
2390.000000
2665.000000
4908.000000
4819.000000
8213.000000
2879.000000
1877.000000
9080.000000
1476.000000
6544.000000
5344.000000
6864.000000
472.000000
6334.000000
677.000000
2198.000000
4785.000000
8743.000000
8383.000000
8390.000000
354.000000
857.000000
5562.000000
3906.000000
5248.000000
1052.000000
2755.000000
9776.000000
2732.000000
9774.000000
9194.000000
4149.000000
1496.000000
1285.000000
100.000000
6757.000000
943.000000
3713.000000
8691.000000
5752.000000
4024.000000
2771.000000
3619.000000
1260.000000
282.000000
9457.000000
2311.000000
9211.000000
1752.000000
831.000000
3081.000000
7901.000000
8281.000000
9301.000000
6453.000000
5295.000000
2776.000000
1695.000000
2135.000000
1170.000000
6207.000000
4596.000000
615.000000
5784.000000
4245.000000
2358.000000
6723.000000
3151.000000
869.000000
6564.000000
1747.000000
4905.000000
3070.000000
2189.000000
3039.000000
9616.000000
7762.000000
3597.000000
9724.000000
3483.000000
2563.000000
4828.000000
779.000000
3248.000000
4759.000000
7643.000000
5542.000000
9822.000000
5269.000000
1358.000000
2373.000000
2887.000000
9857.000000
3742.000000
3959.000000
7016.000000
5554.000000
6135.000000
7908.000000
3281.000000
6718.000000
4325.000000
5387.000000
2653.000000
5644.000000
3202.000000
5522.000000
3062.000000
7267.000000
8910.000000
7280.000000
8346.000000
2504.000000
4846.000000
6710.000000
4015.000000
9216.000000
4092.000000
9.000000
4064.000000
5303.000000
8235.000000
9369.000000
1475.000000
2195.000000
9741.000000
2299.000000
7612.000000
7737.000000
9024.000000
7799.000000
496.000000
1681.000000
5974.000000
7229.000000
1950.000000
3233.000000
4808.000000
2037.000000
2104.000000
602.000000
3764.000000
1270.000000
2164.000000
4177.000000
6858.000000
9354.000000
770.000000
9423.000000
1912.000000
7763.000000
7214.000000
7251.000000
8593.000000
1077.000000
4395.000000
7767.000000
5924.000000
1798.000000
9804.000000
2192.000000
9223.000000
8742.000000
9589.000000
3264.000000
5514.000000
6818.000000
2822.000000
3675.000000
120.000000
2927.000000
479.000000
1236.000000
8590.000000
1191.000000
9684.000000
225.000000
3022.000000
15.000000
6461.000000
895.000000
1516.000000
9191.000000
1312.000000
5306.000000
996.000000
6722.000000
9834.000000
8446.000000
2182.000000
3780.000000
2573.000000
91.000000
2217.000000
9007.000000
7034.000000
4105.000000
8540.000000
3900.000000
8044.000000
6869.000000
2837.000000
709.000000
7575.000000
4991.000000
3418.000000
6920.000000
5779.000000
4599.000000
8873.000000
7756.000000
9675.000000
6821.000000
64.000000
8251.000000
4040.000000
1380.000000
5163.000000
